Precision	Recall	Confidence
0.8461538461538461	0.0007031642390758413	-9.382338612340391e-05
0.9230769230769231	0.0010714883643060439	-0.00011549281771294773
0.9010989010989011	0.001808136614766449	-0.00013387203216552734
0.9258241758241759	0.0021764607399966515	-0.00016031265840865672
0.9252747252747253	0.0025164522402091466	-0.00018319630180485547
0.9377289377289378	0.002884776365439349	-0.00023333232093136758
0.9307517878946451	0.0032121755878661957	-0.00024700164794921875
0.9289911477411478	0.003549806035993882	-0.00030061471625231206
0.8685049518382851	0.00385674280701905	-0.00034988494007848203
0.8816544566544566	0.004429691446266031	-0.0003889257204718888
0.8651404151404151	0.004687518333927173	-0.0004848915559705347
0.8763787138787138	0.005055842459157376	-0.0004933096934109926
0.8773410350333427	0.005383241681584223	-0.0004978179931640625
0.8819007090015493	0.005729899681800884	-0.0005057362141087651
0.8897739950681127	0.006282385869646188	-0.0005283408099785447
0.89219883466207	0.006861180923579364	-0.0005303187645040452
0.8985400796819483	0.007229505048809568	-0.000546900846529752
0.8875100752551733	0.00788430349366326	-0.0005633705295622349
0.8671148081364799	0.008068465556278362	-0.0007640293915756047
0.8604257343963226	0.008420419720387222	-0.0007877093739807606
0.8527864137107835	0.009157067970847628	-0.0008218428702093661
0.8434351596116302	0.009427172329349776	-0.0008226122008636594
0.8357495729618492	0.009795496454579979	-0.0008474077330902219
0.8398155629773276	0.010139265638128168	-0.0010024110088124871
0.8284451626804568	0.0107408617093375	-0.0010360479354858398
0.8350434256542854	0.011459093753536393	-0.0010607398580759764
0.8411529284078304	0.011827417878766596	-0.0010725933825597167
0.8385842798657924	0.01248965721503908	-0.0010921680368483067
0.8093453278747396	0.012784316515223243	-0.0011917295632883906
0.8372537874566272	0.012784316515223243	-0.0011070910841226578
0.8131913311230199	0.01324910648277564	-0.0012977616861462593
0.8049666020254255	0.014354078858466245	-0.0013106928672641516
0.7898976840153311	0.014676362468042672	-0.0013718834379687905
0.796077163897233	0.015044686593272875	-0.0013904250226914883
0.7978218979899653	0.015360392986327333	-0.0014359847409650683
0.8034379563791328	0.015728717111557537	-0.0014829635620117188
0.8087504440445616	0.016361006859869385	-0.0015048980712890625
0.8137833270960206	0.016729330985099586	-0.0015180836198851466
0.8148951099177344	0.01706082269780677	-0.0015940172597765923
0.8141655893126483	0.01735022022477336	-0.0016626878641545773
0.8177225261586811	0.017703811384994352	-0.0017042370745912194
0.8169604251957193	0.01799320891196094	-0.0017159780254587531
0.8212171594934933	0.018361533037191142	-0.0017208259087055922
0.8252804058686413	0.018729857162421346	-0.0017257017316296697
0.8280519524048936	0.019429673000358732	-0.0017307281959801912
0.8299783592366714	0.019767303448486415	-0.0018787384033203125
0.8320760841161342	0.020109318707628745	-0.0019698652904480696
0.8266459276018101	0.021091516374909285	-0.0020591223146766424
0.8301837658140179	0.02145984050013949	-0.0020810167770832777
0.8255800904977376	0.021828164625369694	-0.0021085739135742188
0.8219972876028239	0.02206494442016054	-0.002200918272137642
0.825420416687385	0.022484424673894936	-0.0022240157704800367
0.8268275786366795	0.02285274879912514	-0.0022399607114493847
0.8254048456989634	0.023159685570150308	-0.002306581474840641
0.8285793030498914	0.02417915413105533	-0.002341041574254632
0.8280689583525718	0.024473813431239493	-0.0023470984306186438
0.8304105285839032	0.024827971243960842	-0.002398305805400014
0.8261505769416522	0.025042826983678466	-0.0026023387908935547
0.8253306989897221	0.025452076011712024	-0.00260882917791605
0.8232418540065599	0.025709902899373163	-0.0026543557178229094
0.816576687000988	0.025863371284885743	-0.0027318706270307302
0.815502869468714	0.0261396143788084	-0.0027497897390276194
0.8172103941291619	0.026479605879020894	-0.0027686087414622307
0.8140568663362783	0.026940011035558646	-0.003171487944200635
0.8140568663362783	0.026940011035558646	-0.002865616697818041
0.8169175299311048	0.02730833516078885	-0.0032107036095112562
0.8095904966493204	0.028253835332808362	-0.003211120143532753
0.8031040713261962	0.02905745160603789	-0.0032568841706961393
0.795818604213933	0.029379735215614322	-0.0036856906954199076
0.7978719577760499	0.029748059340844527	-0.003727569477632642
0.798616644093535	0.030061134847290196	-0.0037903033662587404
0.8014530293879923	0.030429458972520397	-0.0038333130069077015
0.8028217373131591	0.030753513371160432	-0.003848572261631489
0.8045443358235462	0.031095528630302766	-0.0039342534728348255
0.8011796225766814	0.03140848376938725	-0.0041474103927612305
0.8023490794608441	0.03173588299181409	-0.004153442569077015
0.8033050126258331	0.03224232866400562	-0.0041605629958212376
0.8058594929813416	0.03261065278923582	-0.004239797592163086
0.8083484738405552	0.032978976914466024	-0.004240937065333128
0.8053494877340743	0.03334730103969622	-0.004244300536811352
0.8065326191373984	0.03394331644234146	-0.004350079223513603
0.8089211053208873	0.03431164056757167	-0.004425124265253544
0.8101426882936924	0.034925514109622004	-0.00443247938528657
0.8060889716940854	0.036636759688270897	-0.004441132768988609
0.8029861809055197	0.0373536762891654	-0.004441232420504093
0.8013824219144743	0.037869330064487686	-0.004461389034986496
0.8020307990682927	0.03818503645754215	-0.0050294180400669575
0.804306307124979	0.03855336058277235	-0.0052400738932192326
0.7993530655966449	0.03892168470800255	-0.005427833180874586
0.7939197668111119	0.03967507496415523	-0.005568039603531361
0.7912712755749391	0.039816738089243776	-0.0056740762665867805
0.7935649978213682	0.04018506221447398	-0.005695923697203398
0.7928444296632309	0.04089337783991667	-0.006099217105656862
0.7907708336453466	0.041676066606030855	-0.0061560822650790215
0.792236797421156	0.041975329957780395	-0.006203692872077227
0.7932541878576584	0.042269989257964546	-0.006342792417854071
0.7929568096753177	0.04261200451710689	-0.006455054506659508
0.7950912755549536	0.04298032864233709	-0.006483160890638828
0.7957244549589119	0.04329603503539155	-0.006613607984036207
0.7969460934610104	0.04363366548351924	-0.006645152345299721
0.7980675416173093	0.04396850559736488	-0.006679286248981953
0.7982666928704233	0.04424474869128753	-0.006743812467902899
0.7939007564351307	0.04517783647520404	-0.006846332456916571
0.7908161906075127	0.04606376760975396	-0.006908078212291002
0.7923696979322573	0.046414552490925576	-0.007009618449956179
0.788744888484163	0.04715120074138599	-0.0071146064437925816
0.786020880102237	0.04761774463334424	-0.007146033924072981
0.7867462584530232	0.04833597667754314	-0.0071958620101213455
0.7827023116154952	0.048704300802773354	-0.007248405367136002
0.7839901520876184	0.0489989601029575	-0.007424825336784124
0.7851963022201551	0.049336590551085205	-0.007440490648150444
0.7867219702591218	0.049688172670623115	-0.007749278098344803
0.7851921724477421	0.049960874186418563	-0.007847812958061695
0.7841432741664938	0.05020642360323869	-0.007870937697589397
0.7860367542176648	0.05057474772846889	-0.007871649228036404
0.7878973041809895	0.05094307185369909	-0.007881862111389637
0.7871395688001189	0.05120089874136024	-0.007908428087830544
0.7866278863939018	0.05146877083243675	-0.00801287591457367
0.7845840445215344	0.0521133380515896	-0.008037401363253593
0.7856303206943863	0.05260603136196248	-0.008092829026281834
0.7809091583688592	0.052974355487192676	-0.00816794577986002
0.7874167346885997	0.052974355487192676	-0.008133159019052982
0.7820219248303167	0.05370661892663844	-0.008187069557607174
0.783794104303241	0.05468409448974936	-0.008365510031580925
0.7839247970104729	0.05542074274020978	-0.008445818908512592
0.7835888825053567	0.056470520345672175	-0.008519003167748451
0.784645055395526	0.056808150793799854	-0.008620357140898705
0.7845909823434177	0.05700647916892382	-0.00867720227688551
0.7858143064703303	0.0573166468533282	-0.008729725144803524
0.7846557741439217	0.057801449548075645	-0.00873413123190403
0.7733972466336667	0.057989704100971075	-0.009130763821303844
0.7790045758812763	0.057989704100971075	-0.008745252154767513
0.7751139341591693	0.05834329526119207	-0.009283514693379402
0.7760529271354162	0.0590021861963261	-0.00934368371963501
0.7769779052911221	0.05933367790903328	-0.00951468851417303
0.7728328193582088	0.06209610884825979	-0.009517989121377468
0.7745031662746925	0.06246443297349	-0.009564629755914211
0.7720939785241068	0.0628327570987202	-0.009876294992864132
0.7737454714333524	0.0632010812239504	-0.010056381113827229
0.7700721795146724	0.06381495476600073	-0.010342899709939957
0.7714288068038533	0.06441409534304186	-0.010353531688451767
0.7708676641478521	0.06482575171829916	-0.010357570834457874
0.7716527717325606	0.06515074359350227	-0.010455322451889515
0.770706693862848	0.06543721791312576	-0.010458307340741158
0.7694054899702818	0.06567253610424505	-0.010681978426873684
0.7703688376883551	0.06620570459321465	-0.010700469836592674
0.7671769129513591	0.0664400926729066	-0.010802756994962692
0.7687607434754996	0.0668084167981368	-0.011085285805165768
0.7703231708844489	0.06734453302486075	-0.011166810989379883
0.7702854709614186	0.06827617640044303	-0.011397765949368477
0.769594678932787	0.06865008119423734	-0.01150377094745636
0.7711205419862122	0.06947043947315915	-0.011567487381398678
0.7713927752626187	0.07020708772361955	-0.011596597731113434
0.7694469676499631	0.07076754629512784	-0.011708356440067291
0.7698618141803746	0.07103063495600656	-0.011777092702686787
0.761212792142653	0.07210929846560929	-0.011932090856134892
0.7661238424145411	0.07210929846560929	-0.011862721294164658
0.7616097132867425	0.07329115119442334	-0.012074759230017662
0.7631185125697378	0.07365947531965354	-0.012088644318282604
0.7622498426793622	0.07425800202315262	-0.012220602482557297
0.7637357811626162	0.07473682338595189	-0.012407626025378704
0.7639610247578795	0.0754734716364123	-0.012473133392632008
0.7644683878529164	0.07618292636593099	-0.012475289404392242
0.7605395988828527	0.07650875155363464	-0.01262182928621769
0.7652054859925634	0.07650875155363464	-0.012562357820570469
0.7577950698453342	0.07673541255377629	-0.012621925212442875
0.75907158731432	0.07709257534187831	-0.012669425457715988
0.7575202604441743	0.0777622555695696	-0.012738891877233982
0.7574107971961889	0.07847844136862832	-0.012772477231919765
0.7561835143725427	0.07947496275189002	-0.012772650457918644
0.7573998640701334	0.07982964524285245	-0.012798991985619068
0.7549199428377545	0.08042817194635152	-0.012851863168179989
0.7535908489228472	0.081090411282624	-0.012967790476977825
0.7525378877812618	0.08177039428304898	-0.012974432669579983
0.7525233022193006	0.08199138875818711	-0.013023503124713898
0.7507945976351903	0.08293061527752414	-0.013200333341956139
0.7490539717647884	0.08354593322790871	-0.013207626529037952
0.7499581352525065	0.08388077334175434	-0.013339406810700893
0.7513628648297397	0.08445956839568751	-0.013414327055215836
0.7524027370932607	0.08480487226309083	-0.013450989499688148
0.7511638983577752	0.08516728744513552	-0.013556775636970997
0.7516178731366457	0.08616702435647464	-0.01356828585267067
0.7529826100974334	0.08653534848170484	-0.013620644807815552
0.7522596977754387	0.08785420732309931	-0.013643966056406498
0.7531532139107171	0.08868293660486727	-0.013673278503119946
0.7526857190607494	0.0889284860216874	-0.01377902738749981
0.7478441605681211	0.08914948049682554	-0.013887698762118816
0.7518648280980572	0.08914948049682554	-0.013793086633086205
0.7491854150331843	0.0896405793304658	-0.013938629999756813
0.7497566184305899	0.08977870087742713	-0.014078413136303425
0.7510736888599027	0.09051534912788753	-0.014159767888486385
0.7517610147882616	0.09084034100309064	-0.014201972633600235
0.7513178150584615	0.09108589041991078	-0.014248273335397243
0.7506633186073814	0.09131609299817965	-0.014446201734244823
0.7498398432068748	0.09155550367957928	-0.014529893174767494
0.7497551944382924	0.09229215193003967	-0.014575373381376266
0.7499578397942733	0.09252235450830855	-0.014646596275269985
0.7512270893384648	0.09289067863353875	-0.014725412242114544
0.7488104235980042	0.09592631702829317	-0.014743258245289326
0.7500726827759037	0.09629464115352336	-0.014825820922851562
0.7438834845168556	0.09666296527875357	-0.015314949676394463
0.7475843973751484	0.09666296527875357	-0.01514414232224226
0.7513223193620242	0.09666296527875357	-0.014879018068313599
0.7445977968536637	0.09699036450118043	-0.01584327220916748
0.744624278241636	0.09765334792659479	-0.01590825989842415
0.7443690753834217	0.09795470402905587	-0.015944570302963257
0.7432883474953216	0.09876381604763222	-0.015950467437505722
0.7430420641369271	0.09907932899314192	-0.01623007468879223
0.7403175786746917	0.09964598149349607	-0.016470590606331825
0.7438767978029355	0.09964598149349607	-0.0162498839199543
0.7415541616333837	0.09999957265371706	-0.016535814851522446
0.7422214544274267	0.10060080762284283	-0.016628559678792953
0.7434373909631465	0.10096913174807302	-0.016634264960885048
0.74378830376699	0.10136597929040861	-0.01665247604250908
0.7439071937925217	0.1016493055405857	-0.01682310923933983
0.7450983231237193	0.1019609644157805	-0.016990317031741142
0.7441416713428759	0.10215929279090445	-0.017253799363970757
0.7440639342734282	0.1029275116806703	-0.017281990498304367
0.7444039245665859	0.1033669893300927	-0.017471373081207275
0.7438147953009148	0.10350730328256133	-0.017599549144506454
0.7418542735040925	0.10389608985919323	-0.0176024679094553
0.736358476102692	0.10514025187683591	-0.0179500300437212
0.7396754061752266	0.10514025187683591	-0.017773738130927086
0.7430223537144811	0.10514025187683591	-0.017638936638832092
0.7372378281439003	0.10548402106038411	-0.01826910488307476
0.7381278822410384	0.10582932492778742	-0.01829538680613041
0.7391391158004439	0.10618537158217661	-0.0183218065649271
0.73643365714053	0.10623798931435234	-0.018573446199297905
0.7364931586442997	0.10699305377107428	-0.018610194325447083
0.7376438435410493	0.10736137789630447	-0.018726598471403122
0.7350363965451439	0.10765603719648865	-0.018733182922005653
0.7361834251315285	0.10783117170701477	-0.018754389137029648
0.7373205655404442	0.10817494089056295	-0.01878189481794834
0.7357011639716011	0.10906505752653595	-0.018789168447256088
0.7341597060059105	0.10924921958915106	-0.01887695863842964
0.7352909412995025	0.11014372103613869	-0.018887750804424286
0.736412589853318	0.11065937481146097	-0.01895197667181492
0.736319227509151	0.11096631158248615	-0.01897546648979187
0.73672684980253	0.11182573454135662	-0.018995285034179688
0.7376382247177723	0.11219405866658681	-0.019094202667474747
0.73719631106215	0.11281670183066643	-0.019094666466116905
0.737023928750328	0.11345103782411847	-0.01922994665801525
0.733262414933453	0.11448059145035716	-0.019345901906490326
0.7362924249125168	0.11448059145035716	-0.01925489865243435
0.7338091536700645	0.11479980569222334	-0.0193718820810318
0.734555510865969	0.11505302852831911	-0.019479507580399513
0.7324181240192333	0.11539968652853577	-0.019626617431640625
0.735395433466466	0.11539968652853577	-0.019543500617146492
0.7334970831965751	0.11576801065376598	-0.019653020426630974
0.7331069890325874	0.11636653735726506	-0.019702229648828506
0.732020714922611	0.11673486148249525	-0.019703412428498268
0.7309635274793602	0.11717387407620397	-0.019776726141572
0.7315351007830135	0.11735803613881907	-0.01979007013142109
0.7277434858162182	0.11833624761426813	-0.02022002823650837
0.7306199422818949	0.11833624761426813	-0.020061973482370377
0.7284546521820012	0.11867108772811376	-0.02023889683187008
0.7287341261969154	0.11904759683390463	-0.02033771388232708
0.7227399071046717	0.11917651027773522	-0.020414723083376884
0.7255412245740697	0.11917651027773522	-0.02035524882376194
0.7279937659333536	0.11917651027773522	-0.020349083468317986
0.7235315668026208	0.12026109328220773	-0.020518170669674873
0.7232224693928679	0.12123413669491383	-0.02066684141755104
0.7211447319830363	0.12147091648970468	-0.020736433565616608
0.7238971927921318	0.12147091648970468	-0.020729176700115204
0.7203070625437066	0.1222794756408053	-0.020769977942109108
0.7213625075907115	0.12292404285995814	-0.020872900262475014
0.7224100169606712	0.12329236698518835	-0.020948849618434906
0.7218998929141958	0.1237138934840629	-0.021062549203634262
0.7206987739107844	0.12623954462849857	-0.021194947883486748
0.7200213120689657	0.12700688655606152	-0.021222524344921112
0.721058270172414	0.1273752106812917	-0.021237367764115334
0.7203020737225456	0.1287843294937254	-0.021297713741660118
0.7207857126127268	0.12909976605225587	-0.021375838667154312
0.7218084755701895	0.12943975755246837	-0.021417919546365738
0.7217008084779905	0.12969475117762774	-0.0214382316917181
0.7210158358411007	0.1298420808277198	-0.021478652954101562
0.7209118208282985	0.13041298322182662	-0.021649856120347977
0.7209118208282985	0.13041298322182662	-0.021481936797499657
0.721919359381265	0.1306418698732167	-0.021672142669558525
0.722919649455433	0.13101019399844688	-0.021672343835234642
0.723912768991435	0.1313785181236771	-0.021677060052752495
0.724388590734833	0.13233467267099186	-0.0217006616294384
0.7227003751094421	0.13256487524926072	-0.02185928076505661
0.7225016740156734	0.13318751841334037	-0.021900586783885956
0.7199957936822298	0.1334859553968602	-0.021917270496487617
0.7225399484302235	0.1334859553968602	-0.02191055938601494
0.7167091098103261	0.13402728024757735	-0.02198822982609272
0.7192238786166781	0.13402728024757735	-0.021943092346191406
0.717278067615865	0.13442015931448956	-0.022050369530916214
0.7182597409921987	0.13476802098831805	-0.022064704447984695
0.7165982721240431	0.13495218305093315	-0.02215484157204628
0.7171698399483618	0.13538189453036842	-0.022171488031744957
0.716163216526692	0.136437757022695	-0.022174978628754616
0.7121650702200845	0.13747724955390023	-0.022353600710630417
0.7146039916934409	0.13747724955390023	-0.02223784476518631
0.7082288931160055	0.1376915912123265	-0.022445160895586014
0.7106378349293252	0.1376915912123265	-0.022437844425439835
0.7092146063149378	0.13779682667667797	-0.02253996953368187
0.7101936817145509	0.13812637984135762	-0.022657394409179688
0.7103272599638308	0.1386630807095502	-0.02274322509765625
0.7112960651144535	0.13900973870976688	-0.02293449454009533
0.7089428876528482	0.13928718976324567	-0.022965312004089355
0.7113060306116911	0.13928718976324567	-0.022942446172237396
0.7093547765458299	0.13969457856842452	-0.02306494116783142
0.7099603949164943	0.14002343939452291	-0.02308660000562668
0.7102565778279532	0.14031809869470707	-0.02310539223253727
0.7096696710154025	0.14064765185938674	-0.02313389629125595
0.708439813702716	0.14101597598461693	-0.02314206399023533
0.7076522790218168	0.1415786933981631	-0.023277344182133675
0.7081685595011832	0.14209290276515113	-0.02330218441784382
0.7074948748426033	0.14227706482776623	-0.023344814777374268
0.7071481171818206	0.14254716918626836	-0.023354025557637215
0.707375222199814	0.14283364350589187	-0.023448599502444267
0.7069776520431906	0.1434229621062602	-0.023463984951376915
0.7034300236862278	0.14351504313756774	-0.023842675611376762
0.7056774039535959	0.14351504313756774	-0.02374091185629368
0.702182134174799	0.14426396885886913	-0.024055324494838715
0.7019738477893207	0.14444813092148426	-0.02406964637339115
0.7029139933798907	0.14481645504671445	-0.024082617834210396
0.7009183908171038	0.14509978129689152	-0.02435479126870632
0.7031225367001765	0.14509978129689152	-0.024120694026350975
0.7008764583458004	0.14538917882385813	-0.024385781958699226
0.6986930425877138	0.1455996497525611	-0.024484744295477867
0.6993699793084558	0.14663709603862618	-0.02452756091952324
0.6989738758784871	0.14711703353513825	-0.02463890239596367
0.6987455614467634	0.1473472361134071	-0.024725310504436493
0.699364805873081	0.1476787278261143	-0.024871956557035446
0.6978330119900348	0.1480470519513445	-0.024875329807400703
0.6987570700573436	0.14828537932649344	-0.024934768676757812
0.6992689895592012	0.14860459356835964	-0.02498736046254635
0.6989672601076535	0.14981001797820392	-0.025161229074001312
0.6998794805315697	0.14998001372831019	-0.02516443096101284
0.6997791397041833	0.1506020722509212	-0.025175666436553
0.7001186603677249	0.15090133560267074	-0.025446653366088867
0.6980470915431677	0.15112496096441763	-0.025504931807518005
0.7001433290553093	0.15112496096441763	-0.025458374992012978
0.6972768017176657	0.1533758306186022	-0.025678975507616997
0.6978943169052974	0.15392241417623548	-0.025703798979520798
0.6987907729382192	0.15414907517637716	-0.025793075561523438
0.6994353761741023	0.15443420328209265	-0.02582092210650444
0.69965157645892	0.15499506047278408	-0.025872062891721725
0.7000001948169283	0.15529641657524512	-0.025875400751829147
0.7005133907265562	0.15561870018482155	-0.02597016841173172
0.7006345079579726	0.15593245777298062	-0.026003165170550346
0.699652006079484	0.15617800718980077	-0.026005970314145088
0.6982562508150725	0.15650949890250795	-0.02605196088552475
0.6988673657665967	0.15684433901635358	-0.026073765009641647
0.6987743001622617	0.15749913746120728	-0.02608327567577362
0.697892694521613	0.16013879369202375	-0.026213934645056725
0.6967714290422183	0.16069127987986906	-0.026230202987790108
0.6953872806165226	0.16141258129177818	-0.02637077122926712
0.6973797943145641	0.16141258129177818	-0.02632603608071804
0.6960651895986217	0.16164696937147013	-0.02637350745499134
0.6969286407645346	0.16201529349670032	-0.02638634480535984
0.6977871998558532	0.16238361762193057	-0.026513835415244102
0.6974638838487275	0.162705901231507	-0.026601199060678482
0.6969076475561958	0.16307422535673718	-0.0270523838698864
0.6977590305686785	0.1634425494819674	-0.027095718309283257
0.69860564392843	0.1638108736071976	-0.02719593048095703
0.6985164289081458	0.16401177767550498	-0.027294743806123734
0.6985164289081458	0.16401177767550498	-0.02724841609597206
0.6990080265992095	0.16426960456316614	-0.0273127481341362
0.6993811524512487	0.16457654133419128	-0.027324017137289047
0.6994849224036362	0.16484793805804512	-0.027353601530194283
0.7003150745516925	0.16521626218327531	-0.027459807693958282
0.699610196782802	0.16535019822881358	-0.02756432443857193
0.6994364424959363	0.16558458630850556	-0.027568062767386436
0.7000108382948265	0.16602224203377908	-0.027574140578508377
0.6999197340007604	0.1662946849581557	-0.027594180777668953
0.6987911088010696	0.16643340443389176	-0.02766035869717598
0.6977192520545641	0.16661756649650686	-0.027668854221701622
0.6963302708435358	0.16767058550532699	-0.0280581247061491
0.6971509998412561	0.16797391125551656	-0.028124749660491943
0.697967304423894	0.16834223538074675	-0.028224611654877663
0.6976031450033997	0.1688947215685921	-0.028378330171108246
0.6984138604323451	0.16919398492034163	-0.028420407325029373
0.699220240484665	0.16956230904557182	-0.028461232781410217
0.699406935227988	0.1698456352957489	-0.028508035466074944
0.6977596246373297	0.1702139594209791	-0.028533287346363068
0.6996153683198757	0.1702139594209791	-0.028531813994050026
0.6965750753658023	0.1708769428463935	-0.028564203530550003
0.6973756688344941	0.17124526697162368	-0.02874380722641945
0.6960189386055039	0.1738235358482351	-0.029003974050283432
0.6931929232201347	0.1740866245091138	-0.029125764966011047
0.6950123272180878	0.1740866245091138	-0.029087385162711143
0.6935588250742163	0.17445714103985133	-0.029162859544157982
0.694356848967252	0.17482546516508154	-0.029165351763367653
0.6935273506582462	0.17556211341554193	-0.029318148270249367
0.6922241093106243	0.17671619567459657	-0.029357876628637314
0.6919858041186072	0.17739145657085192	-0.02938641421496868
0.6927796551389201	0.17775978069608217	-0.029398100450634956
0.6917910415228231	0.17801760758374333	-0.029500113800168037
0.6935694246629845	0.17801760758374333	-0.02947409823536873
0.6919890970924086	0.1787542558342037	-0.02954787015914917
0.6924913924796445	0.17922489221644228	-0.029558662325143814
0.6932738571298235	0.17962154896669022	-0.02966146543622017
0.694052349878225	0.1802108675670585	-0.029840249568223953
0.6945737363342294	0.18050616465793573	-0.029885059222579002
0.6940823885152035	0.18101261033012725	-0.03002861887216568
0.6948529618438807	0.1812406205028888	-0.03005635365843773
0.6956196629447754	0.18193393650332212	-0.03017278201878071
0.6963825209323825	0.18230226062855232	-0.030182749032974243
0.6964597464482334	0.18303890887901272	-0.0302570890635252
0.6972167046865171	0.18327723625416167	-0.0303362887352705
0.6967992794626846	0.18348441857460365	-0.030371135100722313
0.6975516385707177	0.1838373958612826	-0.030471423640847206
0.6972001631177099	0.1841852575351111	-0.03062751702964306
0.6974848540729749	0.18448452088686065	-0.030728796496987343
0.6982299652698395	0.18485284501209087	-0.030746936798095703
0.6985934146086206	0.185122949370593	-0.0308411605656147
0.699332156239482	0.18563293662091176	-0.03091946803033352
0.6988447915542998	0.18591941094053527	-0.030924955382943153
0.698359804257826	0.18628773506576546	-0.030986184254288673
0.6972283529903698	0.18707349319958988	-0.031029995530843735
0.6979632356287426	0.1874418173248201	-0.031051063910126686
0.6979299360904545	0.18868295801347462	-0.031074311584234238
0.697969442801071	0.189209135335232	-0.03109346143901348
0.698697227276249	0.19097634704719507	-0.031242012977600098
0.6994215127876042	0.19134467117242526	-0.03125043585896492
0.6996627082005836	0.19208131942288567	-0.031392645090818405
0.6994242806690032	0.19254172457942348	-0.031422026455402374
0.7001416451542802	0.1929024655608989	-0.03142689913511276
0.7002062429688478	0.19330148336323164	-0.031532514840364456
0.7006683109002882	0.19380550585038875	-0.031589433550834656
0.7004018819505663	0.19450532168832607	-0.03161168098449707
0.7009857271966704	0.19485426033328104	-0.031622420996427536
0.7016909495381877	0.19522258445851123	-0.031692203134298325
0.701922264951039	0.19540674652112633	-0.03170439228415489
0.7024838945417368	0.19568737442606365	-0.03174136206507683
0.7006047112495616	0.19596915145388757	-0.03223586082458496
0.7022416381450045	0.19596915145388757	-0.03189823403954506
0.7029854935396875	0.19596915145388757	-0.03174622729420662
0.7003707468047952	0.1961901459290257	-0.0323348343372345
0.6999950873886855	0.1966597591886942	-0.032423511147499084
0.7002265802419525	0.19692763127977073	-0.032482147216796875
0.7008089229027815	0.19727841616094235	-0.032482728362083435
0.6993221639918432	0.19729515816663465	-0.03249257057905197
0.7000133774079539	0.19754070758345477	-0.03254294395446777
0.6985259019964759	0.19827735583391518	-0.03272315487265587
0.7001280256249082	0.19827735583391518	-0.032619476318359375
0.6988629520972919	0.19856675336088173	-0.032872769981622696
0.6986946993590292	0.19890159347472736	-0.03287384659051895
0.699379484133213	0.1992238770843038	-0.03287696838378906
0.6999625731468122	0.19954800231450637	-0.03288676589727402
0.7006413908546248	0.20039514780253587	-0.03290335461497307
0.700376587113042	0.2009680964417828	-0.03312033787369728
0.7007698830880125	0.2012903800513592	-0.033209141343832016
0.7012817966733684	0.20184286623920453	-0.03322700038552284
0.7014177226043805	0.20232764578638254	-0.03325982019305229
0.7020856919050419	0.20269596991161273	-0.033297523856163025
0.7027506791998965	0.20306429403684295	-0.03355134651064873
0.7034127044132599	0.20353785362642465	-0.03357921913266182
0.7040717872923415	0.20432137949282345	-0.033675260841846466
0.6991271648744103	0.20468970361805364	-0.03425503522157669
0.7006704919491883	0.20468970361805364	-0.034038569778203964
0.7022206479048281	0.20468970361805364	-0.03390948474407196
0.7037776781662578	0.20468970361805364	-0.03373312950134277
0.6986895227538072	0.20555573752276157	-0.03434517979621887
0.6984730983618033	0.20577673199789967	-0.03437098488211632
0.6975120177510755	0.2074514374847599	-0.03447701409459114
0.697990521351328	0.20778906793288757	-0.03454362973570824
0.697092316044929	0.20808140222410093	-0.034544602036476135
0.6977508110100488	0.2083921757047639	-0.03455965965986252
0.6984064491640402	0.20858861523822	-0.034603480249643326
0.6990592490576244	0.2100441776145927	-0.03467922657728195
0.6997092290812581	0.21041250173982295	-0.03489704802632332
0.6995482178116864	0.21102637528187326	-0.034968338906764984
0.6999988472552977	0.2113612153957189	-0.035116586834192276
0.6996616332973618	0.21148399010412894	-0.03513266518712044
0.6995909802638913	0.2117295395209491	-0.03518687188625336
0.7002328798787122	0.21252222698490728	-0.03529190272092819
0.6988898267073789	0.2130220954405768	-0.0354171060025692
0.700379996913578	0.2130220954405768	-0.0353805236518383
0.6989225143667809	0.21358654020391654	-0.03549512103199959
0.6981895030576789	0.21395486432914676	-0.03549677133560181
0.6968644270922896	0.21409956309263006	-0.03553188219666481
0.6964491012967362	0.21500458808605288	-0.035549186170101166
0.6965139931408962	0.21549568691969312	-0.03570926561951637
0.6953372066770784	0.2158730903633949	-0.0357925184071064
0.695975912742745	0.21624141448862508	-0.03579410910606384
0.6960142177668934	0.21632148495063167	-0.03582996502518654
0.6956745917033579	0.21664888417305853	-0.03596188500523567
0.6957877696373093	0.21775385654874913	-0.03597685322165489
0.6948137258901894	0.21922715304966994	-0.0359959602355957
0.694755329501759	0.22005895169914816	-0.03602329641580582
0.6947661880328113	0.2201230080687534	-0.03604161739349365
0.6945113582464388	0.22033347899745637	-0.03604181483387947
0.6950123657552091	0.22067878286485967	-0.03609495237469673
0.6956399123277294	0.2210471069900899	-0.0361129455268383
0.6959715405511692	0.22120496018661712	-0.03624157980084419
0.696389631656597	0.2215364518993243	-0.0363013856112957
0.6967548880335773	0.2219047760245545	-0.03636251017451286
0.6966084494865701	0.22213497860282339	-0.036430876702070236
0.6970226888969844	0.22241122169674601	-0.036535486578941345
0.6971303663585758	0.22254121844682728	-0.0368729904294014
0.6975998208458231	0.22288323370596963	-0.036937396973371506
0.6967397549589434	0.2240250384941833	-0.037039391696453094
0.6964545343540881	0.2243933626194135	-0.0371737964451313
0.6968649082767614	0.22472485433212067	-0.03718796372413635
0.6970724235518586	0.22497040374894084	-0.03720204159617424
0.6970783022194251	0.22533872787417103	-0.03723595291376114
0.6960042747248331	0.22585242841549588	-0.037603236734867096
0.6973990728705742	0.22585242841549588	-0.0375710055232048
0.6953876928874453	0.2263973701490954	-0.03784852847456932
0.6958616881871382	0.22671965375867184	-0.037862345576286316
0.6964663369183766	0.22708797788390203	-0.03802599385380745
0.6970685862498878	0.22745630200913222	-0.0380590446293354
0.6965369087099303	0.22782462613436244	-0.03808766230940819
0.6956301227452628	0.2281683953179106	-0.03821516036987305
0.6970048858336921	0.2281683953179106	-0.03816825896501541
0.6962292760469454	0.2283525573805257	-0.03829088434576988
0.6968260751116861	0.22889978179515344	-0.03830059990286827
0.6963510150713602	0.22905325018066605	-0.03830733150243759
0.6969452400907898	0.2293847418933732	-0.03831002488732338
0.6964103410341221	0.2294280741434003	-0.03831689804792404
0.6969046678547184	0.23062819691810876	-0.03833133727312088
0.6974943474892422	0.2308036925307184	-0.03835032507777214
0.698081737105768	0.23109016685034192	-0.038352787494659424
0.6980548549143145	0.23132957753174152	-0.03842636197805405
0.6976717700885615	0.23168373534446288	-0.038434289395809174
0.6964818553247862	0.23242038359492329	-0.038466926664114
0.6978264148910504	0.23242038359492329	-0.038443583995103836
0.6964245184235207	0.23300396207905427	-0.03855447843670845
0.6968152583113834	0.23329988060701698	-0.038565248250961304
0.6964382175866489	0.23411428617280375	-0.03857146576046944
0.6961551370497226	0.2350818293401143	-0.03860187530517578
0.6954078793847713	0.23572908898708314	-0.03870880603790283
0.6967349936584064	0.23572908898708314	-0.03865230828523636
0.6946662935047532	0.23609741311231336	-0.03883051872253418
0.6959869518574239	0.23609741311231336	-0.038769859820604324
0.695244577039782	0.23646573723754355	-0.03886440396308899
0.6946864587467012	0.2367931364599704	-0.03893684968352318
0.6946864587467012	0.2367931364599704	-0.03890328109264374
0.6950266729754809	0.23707961077959389	-0.038967546075582504
0.6954440740935435	0.23775487167584927	-0.03903551772236824
0.6960165476384804	0.2380618084468744	-0.03907086327672005
0.6959614821957565	0.23920514791894315	-0.039112817496061325
0.6957817790455773	0.23934326946590448	-0.03918955847620964
0.69533087002782	0.24052451097863767	-0.03920047730207443
0.6952773920364745	0.24067184062872976	-0.039304181933403015
0.6953127892846109	0.2408033849591691	-0.03942212089896202
0.6958791223900299	0.24107962805309177	-0.03944294527173042
0.6960152107886212	0.2419103841161296	-0.039480239152908325
0.6959047449100564	0.24214477219582162	-0.03956685587763786
0.6964668433483002	0.24242101528974425	-0.03963931277394295
0.6963559518224984	0.24352598766543487	-0.03973798453807831
0.6966082121936049	0.2438175775979088	-0.039806630462408066
0.6963303561885699	0.2444489903840177	-0.039840295910835266
0.696018402855148	0.24532145991427082	-0.03998228535056114
0.6957611448930608	0.24547492829978337	-0.040068451315164566
0.6956063916320336	0.24639451618069727	-0.04014807567000389
0.6957056500414641	0.2466707592746199	-0.04014849662780762
0.6958551438989073	0.24695723359424337	-0.04025384411215782
0.6958886540268834	0.24728170960932713	-0.04034179821610451
0.695279055743713	0.24864450887267892	-0.04045408219099045
0.6958310864398294	0.2490128329979091	-0.040522411465644836
0.6955774236353371	0.2492174575119259	-0.0407116524875164
0.6954049012100026	0.2506907540128467	-0.04079714044928551
0.6951703291200825	0.25121693133460415	-0.0409015491604805
0.6948193033482838	0.2513397060430142	-0.04091956838965416
0.6953672040604053	0.25167119775572133	-0.041040271520614624
0.6957140171156536	0.2519985969781482	-0.04107408598065376
0.6959005752245702	0.25254025010348674	-0.04110145568847656
0.6953275384830977	0.25306204261422954	-0.041186679154634476
0.695536402050864	0.25425606038283294	-0.041285593062639236
0.6953937832133796	0.25472260427479115	-0.04136745631694794
0.6953937832133796	0.25472260427479115	-0.04129401966929436
0.695579584664155	0.25503831066784566	-0.041540782898664474
0.6954255351384631	0.2553605942774221	-0.04175277426838875
0.6954819018502051	0.25554475634003715	-0.04183053970336914
0.6946320378385482	0.2558795964538828	-0.04191909357905388
0.6958593029230685	0.2558795964538828	-0.04188188165426254
0.695169657490241	0.256247920579113	-0.04202268645167351
0.6950294377325861	0.2566747088512052	-0.042070381343364716
0.693908493992717	0.25695095194512785	-0.042210571467876434
0.6951258773155113	0.25695095194512785	-0.0421266183257103
0.6924463352004215	0.2580559243208185	-0.04226653277873993
0.6936569057165062	0.2580559243208185	-0.04225628450512886
0.6918207027929875	0.2584711260619871	-0.042446479201316833
0.6916610146142171	0.2586921205371252	-0.04246867448091507
0.6919793114638453	0.25963923971628855	-0.04251934960484505
0.6920798672498698	0.2599169444138828	-0.042534373700618744
0.6926126010435552	0.2600519965931339	-0.04265276715159416
0.6919484196606464	0.26035335269559495	-0.04267030209302902
0.6931434946514247	0.26035335269559495	-0.042669519782066345
0.6921343948419533	0.2605375147582101	-0.042865630239248276
0.6920906358588342	0.26069876435015865	-0.04288887605071068
0.6923548952246918	0.26106708847538884	-0.04296250641345978
0.6925392190342387	0.2614757528619538	-0.04312121868133545
0.6930647930187955	0.261844076987184	-0.04312635213136673
0.6931010061950188	0.2625576053250217	-0.04314427450299263
0.6931695450828184	0.262719667940123	-0.04316980019211769
0.6934297224655923	0.2630857996598459	-0.043245829641819
0.6930482628349206	0.26472259901763967	-0.04337380453944206
0.6930292287992992	0.2655759283788501	-0.04342319443821907
0.6924040176029631	0.2657944943432724	-0.04346823692321777
0.692199667187128	0.26616281846850265	-0.0434899665415287
0.6920863456573014	0.2665403506968636	-0.04363233596086502
0.6926047188127605	0.2670928368847089	-0.043695028871297836
0.692059872314977	0.2671235305618114	-0.04382125288248062
0.691737624207066	0.26732164429583677	-0.04388037696480751
0.6915325979809845	0.26750580635845184	-0.043921031057834625
0.6922539765953288	0.26750580635845184	-0.043920595198869705
0.6914910855747837	0.26802146013377415	-0.043935004621744156
0.6902138849828287	0.26880487970172406	-0.044021736830472946
0.6913642414578001	0.26880487970172406	-0.04400794208049774
0.6907284798582725	0.2689465428268126	-0.04405058175325394
0.6909398452617941	0.2702093683990304	-0.04409045726060867
0.691451534259705	0.27050095833150434	-0.044119562953710556
0.6919615317237386	0.27067095408161057	-0.04416988044977188
0.6919615317237386	0.27067095408161057	-0.044122640043497086
0.6924698460278249	0.2711777932624829	-0.04421915486454964
0.6927934358842682	0.2714724525626671	-0.04431391879916191
0.6917832281644025	0.27214213279035837	-0.044339992105960846
0.6922631347896729	0.27214213279035837	-0.04433629661798477
0.6922885015608543	0.2725104569155886	-0.044401705265045166
0.6927921210345682	0.2727696479666765	-0.04451915621757507
0.6923137025361458	0.2729928747092402	-0.04456934705376625
0.69281563776855	0.27330858110229467	-0.04468145966529846
0.6927977266025072	0.2738681504463944	-0.044759295880794525
0.69309399046169	0.27424066007304765	-0.044784147292375565
0.6926993573602911	0.27515438722986874	-0.044960442930459976
0.69271118984431	0.27578053824276005	-0.04509592056274414
0.69271118984431	0.27578053824276005	-0.04496752843260765
0.6929772605033692	0.2759383914392873	-0.04512323811650276
0.6919515274049712	0.276795453346073	-0.04527081549167633
0.6930693812456902	0.276795453346073	-0.04516148567199707
0.6919108110430737	0.27704100276289306	-0.045322272926568985
0.6920488608288208	0.2772558585026107	-0.04533090814948082
0.6920081189441304	0.27768556998204597	-0.045368045568466187
0.6923872268121228	0.27802758524118826	-0.045369960367679596
0.691425300681177	0.2783038283351109	-0.045513372868299484
0.692531581162267	0.2783038283351109	-0.04547685384750366
0.6917298104746304	0.2789301763127751	-0.04564792662858963
0.6922206865726008	0.2792985004380053	-0.045691195875406265
0.6913464202339038	0.2795563273256665	-0.04590368643403053
0.6910152240755449	0.2795563273256665	-0.04585389420390129
0.6921138174365553	0.2795563273256665	-0.04582815244793892
0.690806315138597	0.27974048938828155	-0.04595492035150528
0.690834003950911	0.2804362127359386	-0.04609369486570358
0.6906206310039151	0.28118513845724	-0.046202268451452255
0.6898115514514919	0.28150435269910623	-0.04638432338833809
0.6908978688553525	0.28150435269910623	-0.04627399891614914
0.6896947116774466	0.2826897132767319	-0.0464460663497448
0.689475754449112	0.28313412693128087	-0.04658420383930206
0.689475754449112	0.28313412693128087	-0.046500351279973984
0.68768893644557	0.283219124806334	-0.04669614136219025
0.6887634504087663	0.283219124806334	-0.046647150069475174
0.6898413274829583	0.283219124806334	-0.04664172977209091
0.6870425787139217	0.2834032868689491	-0.04685603827238083
0.6873426680160774	0.2837274120991517	-0.047157902270555496
0.6878281607676051	0.2840957362243819	-0.047349944710731506
0.6875369543168026	0.2845868350580222	-0.04737274721264839
0.6878916442740005	0.2849981303311959	-0.04737461358308792
0.6874724402900634	0.2853050671022211	-0.0474327951669693
0.6863077295635109	0.2863311128796481	-0.047804757952690125
0.6873668464301214	0.2863311128796481	-0.04752781242132187
0.6860211022872594	0.28665851210207494	-0.047826558351516724
0.6865034047415033	0.2870268362273051	-0.04789870232343674
0.6868662475610361	0.2872373071560081	-0.047933030873537064
0.6867715059874357	0.2874214692186232	-0.048347096890211105
0.6866592265798405	0.28792578994393847	-0.04849937930703163
0.6872504486388311	0.28792578994393847	-0.04845510423183441
0.6864593734227913	0.2885833240106373	-0.04867606610059738
0.6864799832044918	0.2895370204063227	-0.048880863934755325
0.6850710066916471	0.290151770910576	-0.048967208713293076
0.6861121480392028	0.290151770910576	-0.048891279846429825
0.6854187494853184	0.29052009503580617	-0.04898643493652344
0.6855481718330234	0.29052009503580617	-0.04897112771868706
0.6856192979274581	0.29082145113826724	-0.04922149330377579
0.6841334195972781	0.29112041552562945	-0.0493711493909359
0.6851652950416178	0.29112041552562945	-0.04925892502069473
0.6822556121192436	0.2911414626184997	-0.04966520518064499
0.6832815604081447	0.2911414626184997	-0.04944492131471634
0.6827319905118684	0.2920287211387911	-0.0496780127286911
0.6829427650945823	0.29226310921848303	-0.04974745959043503
0.6828769147564572	0.29253638195655707	-0.0497792586684227
0.6817792791310914	0.29283805695436466	-0.05027405545115471
0.6817792791310914	0.29283805695436466	-0.05010936036705971
0.6824973543293152	0.29283805695436466	-0.05005989968776703
0.6814484460661039	0.2932326899456827	-0.05033917352557182
0.6807855124428958	0.2934168520082978	-0.05057147890329361
0.6812591244422387	0.29369309510222047	-0.05060344934463501
0.6807930615418304	0.2952697811540446	-0.05062640458345413
0.6811830783804438	0.2958754697155343	-0.05094578117132187
0.6805622312413551	0.2960964641906724	-0.051011063158512115
0.6807383931421791	0.2962806262532875	-0.05104191228747368
0.6812085869667119	0.2967308001841244	-0.05108245089650154
0.6816773978682314	0.2971359567218776	-0.051344044506549835
0.6817043033045483	0.2976434255166392	-0.05145891010761261
0.6821710125372397	0.2980117496418694	-0.05149941146373749
0.6815627286731966	0.2985028484755097	-0.05156714469194412
0.6819042907033638	0.2985028484755097	-0.05153518542647362
0.681033391271817	0.2985586551611506	-0.05160966515541077
0.6820276006021408	0.2985586551611506	-0.051581092178821564
0.6812550796882093	0.29886559193217577	-0.05171898752450943
0.6817183717235462	0.29929530341161104	-0.05172460153698921
0.6820949437102873	0.29957593131654836	-0.05178041756153107
0.6825556756759247	0.29991970050009653	-0.05182584002614021
0.6830150741192301	0.3002880246253267	-0.05185305327177048
0.6830150741192301	0.3002880246253267	-0.05183373764157295
0.6826950212108764	0.30091454768278897	-0.052022114396095276
0.6830727260063074	0.30161240060683625	-0.05202578380703926
0.6814456017841987	0.3019346842164127	-0.05203573405742645
0.6824275118732249	0.3019346842164127	-0.05202694609761238
0.6816420618652298	0.3024477071051262	-0.052115779370069504
0.6813392586707231	0.30265817803382916	-0.05217339098453522
0.6807724607151981	0.3029344211277518	-0.0522029772400856
0.6810247788789	0.30317646269576026	-0.052243031561374664
0.6785722908056203	0.3032769147299139	-0.0525391586124897
0.6795389180005001	0.3032769147299139	-0.0524410605430603
0.6805083030475765	0.3032769147299139	-0.0523829460144043
0.6814804577662159	0.3032769147299139	-0.05232493206858635
0.6790288642561806	0.303387411967483	-0.05284390598535538
0.6784475903625274	0.3038561881268669	-0.053169868886470795
0.6781531720125723	0.30422451225209707	-0.05317148193717003
0.6786084009064725	0.3044332292563942	-0.05320131778717041
0.6781045690280338	0.3044807549499723	-0.053315915167331696
0.6790623438430452	0.3044807549499723	-0.053296759724617004
0.6785579428744732	0.3048490790752025	-0.053422704339027405
0.6790100414077018	0.3048900039780058	-0.05344047769904137
0.678056375619208	0.304978401768061	-0.053524356335401535
0.6781071881559071	0.3051318701535736	-0.05361141636967659
0.6785580184245963	0.30552852690382154	-0.053816016763448715
0.6787278673498766	0.30657351968042235	-0.05392918363213539
0.6790369066412874	0.3069050113931295	-0.054067037999629974
0.6794845539123595	0.30736541654966726	-0.05415137857198715
0.6789180395931601	0.3076416596435899	-0.05431768670678139
0.6790555357519704	0.30808816082673934	-0.0543714202940464
0.6787076411586642	0.30934289136323784	-0.054414186626672745
0.6786489116097113	0.31037619507609954	-0.054414454847574234
0.6790939962196701	0.310662669395723	-0.05444391444325447
0.6789711271268405	0.31129244531799166	-0.054533395916223526
0.6795378496135571	0.31129244531799166	-0.05444428324699402
0.6789828910894242	0.31166076944322185	-0.054558444768190384
0.6790807107986674	0.3120078440996888	-0.05458955839276314
0.6793736601803038	0.3120845782924451	-0.05485515296459198
0.6795221403574038	0.3120845782924451	-0.05459074303507805
0.6798134768330057	0.3136135876862579	-0.054857611656188965
0.6795671570017277	0.3137772872974713	-0.0549241304397583
0.6796797939441395	0.3141456114227015	-0.0549282506108284
0.6798911529160323	0.3147032132233972	-0.054997410625219345
0.679844165810336	0.3147032132233972	-0.05495833978056908
0.6796460696014328	0.31507409515505264	-0.05507742241024971
0.6796817652250242	0.3153340886552151	-0.055176347494125366
0.679728781460161	0.31566470340571934	-0.055227331817150116
0.6800125807918146	0.3161189698268366	-0.05532237887382507
0.6795693946070975	0.3164259065978618	-0.0553351491689682
0.6800029948850311	0.316580990440064	-0.0553746223449707
0.6804354232703216	0.3169493145652942	-0.05539579316973686
0.680944881548419	0.3172255576592169	-0.055421534925699234
0.6805293025911444	0.3172255576592169	-0.055404771119356155
0.680869585610938	0.31748645391458824	-0.055497247725725174
0.6812985243399555	0.31796001350416997	-0.0554988868534565
0.6817263115556066	0.31816463801818673	-0.055666763335466385
0.6812592968394909	0.3184920372406136	-0.055733390152454376
0.6814628765402859	0.31879897401163876	-0.05588795617222786
0.6795370250341248	0.31916729813686895	-0.056160882115364075
0.6804442840795643	0.31916729813686895	-0.05598030611872673
0.6813539689513283	0.31916729813686895	-0.055891986936330795
0.6788177534491695	0.3194686542393301	-0.05624000355601311
0.6797216386068914	0.3194686542393301	-0.05618984252214432
0.6785537192480418	0.31966082334814583	-0.056326303631067276
0.6782212068871998	0.3198282434050686	-0.05666289106011391
0.6787589972508072	0.3198282434050686	-0.05653693526983261
0.6779345894991725	0.32046816006708473	-0.05673287436366081
0.6765604688333247	0.32055000987269144	-0.05709824338555336
0.6774542078938707	0.32055000987269144	-0.056945402175188065
0.6764440983791538	0.3211411855694895	-0.05717408284544945
0.6762850345070174	0.32123811297086585	-0.05717527121305466
0.676232575376737	0.3218115006689233	-0.05731857940554619
0.6762200216907658	0.3222688966414314	-0.05764039605855942
0.6762511881105681	0.32292602036485346	-0.05786160007119179
0.6765295097084455	0.32337950439812296	-0.05789996311068535
0.6763331519042172	0.3237757318661736	-0.058022983372211456
0.6760527410812853	0.32413484788827307	-0.0581326000392437
0.6758429611257054	0.3255181096030265	-0.058160003274679184
0.6754279870319776	0.32635195449764487	-0.05816413462162018
0.6758500572699074	0.3272236549273564	-0.05821571499109268
0.6762710312215051	0.32770554565786586	-0.05828499048948288
0.6766909131524761	0.32795109507468606	-0.0583001933991909
0.6771097073064236	0.32831941919991625	-0.05844344198703766
0.6768087173156578	0.32890873780028457	-0.058455631136894226
0.6772262771124077	0.3291335590195809	-0.058456920087337494
0.6769479702536025	0.32953871555733416	-0.05854121968150139
0.6769347211510421	0.3301391954948307	-0.058572523295879364
0.6767070059372056	0.3302061635175998	-0.05864107236266136
0.6765383009751456	0.330500822817784	-0.05870196595788002
0.6764400489841633	0.3306235975261941	-0.05885867401957512
0.6767124192917335	0.33107377145703104	-0.059042930603027344
0.6739196903042317	0.3311021040820487	-0.05959418788552284
0.673777095157025	0.3311021040820487	-0.059523921459913254
0.6741906035799587	0.3311021040820487	-0.05924615636467934
0.6750527399016722	0.3311021040820487	-0.05917251482605934
0.6759170839988575	0.3311021040820487	-0.05910464748740196
0.6731039888713636	0.33162389659279146	-0.05962422490119934
0.6739603552694188	0.33162389659279146	-0.059599682688713074
0.6725837527112943	0.3318869852536702	-0.059655264019966125
0.6729411186198294	0.33234739041020794	-0.0596776008605957
0.6732144702277649	0.3333173106066475	-0.05977337807416916
0.6736275998482103	0.3333909754316935	-0.05983094871044159
0.6740396862120382	0.3336672185256161	-0.059836894273757935
0.6744507332659953	0.3340491842851141	-0.059947822242975235
0.6748607449369448	0.33501603511384337	-0.059952422976493835
0.6750338760753889	0.3352554457952431	-0.05996786803007126
0.6754421249747917	0.3353332031105694	-0.06000075489282608
0.675849349410206	0.33570152723579966	-0.06005626544356346
0.6760989116289904	0.33597777032972226	-0.06022235006093979
0.6765042947183157	0.33632153951327043	-0.06032007187604904
0.6765336643499178	0.33667451679994936	-0.0603235624730587
0.6769374924843125	0.3370540022623077	-0.06047404184937477
0.6765090583706579	0.3371767769707178	-0.060530345886945724
0.6750349341069873	0.33858161727058567	-0.06131332367658615
0.6756257735772696	0.33858161727058567	-0.06108826398849487
0.6764671506302923	0.33858161727058567	-0.060550298541784286
0.6752830297222391	0.3389039008801621	-0.0613541454076767
0.6744851538478538	0.3399215143287148	-0.06149737909436226
0.6753209470992142	0.3399215143287148	-0.06144113093614578
0.6737113907793681	0.34015171690698365	-0.06154328212141991
0.6742694738060147	0.34015171690698365	-0.06152357906103134
0.6741137195207005	0.34047400051656007	-0.061661895364522934
0.6744029026625111	0.3408423246417903	-0.06185826286673546
0.6745150573045421	0.3408423246417903	-0.06174659729003906
0.6742763985700859	0.3408653448996172	-0.061990875750780106
0.6746760594307363	0.3412336690248474	-0.06203170493245125
0.6746458191618262	0.3413210279519853	-0.06224704533815384
0.6750440494933295	0.3416484271744122	-0.06243239343166351
0.6753190567677875	0.3419799188871193	-0.062440913170576096
0.6743494438922021	0.34216408094973444	-0.06247603893280029
0.675172825386576	0.34216408094973444	-0.06246940791606903
0.6747460949958657	0.34245874024991857	-0.06270159780979156
0.6740176719217567	0.34255919228407233	-0.06288746744394302
0.6748376447586444	0.34255919228407233	-0.06271448731422424
0.6744132815432108	0.34290240340076406	-0.06295733898878098
0.6742499383806296	0.34301671088790453	-0.0630197823047638
0.6731105848350056	0.3431717947301067	-0.06303874403238297
0.6739245033172728	0.3431717947301067	-0.06303656101226807
0.6745097918316082	0.3431717947301067	-0.06302937120199203
0.6734043798673718	0.3434787315011319	-0.06311710923910141
0.6713712255822946	0.343724280917952	-0.06379450112581253
0.672178162151504	0.343724280917952	-0.06375386565923691
0.6729870408063193	0.343724280917952	-0.0636998787522316
0.673797868566327	0.343724280917952	-0.06362263113260269
0.6705902049281192	0.3439636915993517	-0.06390582770109177
0.6701863044830955	0.3439971756107362	-0.0639195367693901
0.6703940859709324	0.3442602642716149	-0.06418950855731964
0.6702390549732901	0.3442602642716149	-0.06403399258852005
0.6700714199972202	0.34455492357179907	-0.06426301598548889
0.6692727651462104	0.34473908563441413	-0.06430898606777191
0.668933887312245	0.34535295917646447	-0.0643819123506546
0.6693275449967726	0.345620831267541	-0.06450439244508743
0.668997351175905	0.34684378878884103	-0.06466078013181686
0.6693899996323986	0.3470893382056611	-0.0646909698843956
0.6691234764627445	0.34759797628336	-0.0648224875330925
0.668938572477984	0.34925543484689586	-0.06511129438877106
0.6690847074212071	0.34925543484689586	-0.06496218591928482
0.6693294360287776	0.3498283834861428	-0.06532864272594452
0.6695228368510706	0.35013532025716804	-0.06535349041223526
0.6695194726930207	0.3502931734536952	-0.06537599116563797
0.6693853974963884	0.3506001102247204	-0.0654214397072792
0.6682053065789478	0.35075796342124765	-0.0655282735824585
0.6689905067041875	0.35075796342124765	-0.06548526883125305
0.6685942804282105	0.35102806777974976	-0.06553519517183304
0.6688522366442065	0.3512959398708263	-0.06563936918973923
0.6690933451393595	0.35153032795051825	-0.06567360460758209
0.6690905102346018	0.3517144900131334	-0.06598681211471558
0.6694766356602323	0.352051648250844	-0.06601542234420776
0.6694700932411554	0.35221906830776684	-0.06643558293581009
0.6690848602495949	0.35221906830776684	-0.06612089276313782
0.6697769109621927	0.3527175069337578	-0.06653650850057602
0.6696442496899434	0.3534576967623454	-0.06663669645786285
0.6700274930197695	0.3538260208875756	-0.06677263975143433
0.6701523485061635	0.3541124952071991	-0.06678798794746399
0.6705341166213183	0.3544808193324293	-0.06688924133777618
0.6696350770910151	0.3547134450957326	-0.06690841913223267
0.6703369673535481	0.3547134450957326	-0.06689748913049698
0.6698513490403253	0.3548515666426939	-0.0670446902513504
0.6701269706532867	0.3549436476740015	-0.06709089130163193
0.6704490339781967	0.3564065244792743	-0.0671006590127945
0.6703489009889497	0.3568753006386582	-0.06713806837797165
0.6700098092541747	0.3570962951137963	-0.06726397573947906
0.6700566967254737	0.35728045717641144	-0.06754839420318604
0.6703882383720025	0.35728045717641144	-0.0674455538392067
0.6691603838371445	0.35736545505146455	-0.06786591559648514
0.6699251385615298	0.35736545505146455	-0.06773954629898071
0.6699765403218977	0.35736545505146455	-0.06755616515874863
0.6690489450544665	0.35761100446828464	-0.06786788254976273
0.6691727819937869	0.3578974787879082	-0.06799688935279846
0.6686122561760867	0.3579624771629488	-0.06800999492406845
0.668472304232085	0.3589135089427099	-0.06804923713207245
0.668722493317961	0.35920816824289403	-0.06835739314556122
0.6690980913980994	0.3593484821953627	-0.06846220046281815
0.669397338557709	0.36006057550414106	-0.06852709501981735
0.6696097203660631	0.3603762818971955	-0.0686449185013771
0.669983042715932	0.36071627339740797	-0.06868159025907516
0.6703555223516928	0.3610594845140997	-0.06877963989973068
0.6702260973609417	0.36138888464850477	-0.0688546895980835
0.6705974643684182	0.36173747712416904	-0.06890854984521866
0.6702140992799498	0.3620531835172235	-0.06947372853755951
0.6709679959045617	0.3620531835172235	-0.06910993158817291
0.6700604732800098	0.36238058273965035	-0.0697772204875946
0.6697479664129091	0.36248581820400183	-0.06988078355789185
0.6689953609697781	0.36281321742642864	-0.07031728327274323
0.669744515909274	0.36281321742642864	-0.07021042704582214
0.6686948074938343	0.36351454102394304	-0.0704006478190422
0.6671488500603653	0.3638010153435665	-0.0707581415772438
0.6675039949567586	0.3638010153435665	-0.07075116783380508
0.6682489770939871	0.3638010153435665	-0.07049994170665741
0.6675190960558487	0.36413250705627376	-0.07084669917821884
0.6663462114621103	0.36450083118150395	-0.07115218788385391
0.6666588982843595	0.36450083118150395	-0.07103949040174484
0.6673996303935644	0.36450083118150395	-0.07099916785955429
0.6667157062445442	0.36486915530673414	-0.0711633488535881
0.6669614730395048	0.3653690237624037	-0.07118372619152069
0.6659908577066863	0.36553644381932654	-0.071216881275177
0.6667267592069147	0.36553644381932654	-0.07118415832519531
0.6655958207165934	0.36657604264898064	-0.07142221182584763
0.6648147651387925	0.36697478141788514	-0.07152532041072845
0.6653633863926163	0.36697478141788514	-0.07142585515975952
0.6651831005617168	0.3673431055431154	-0.07174872606992722
0.6634355109651285	0.36758251622451493	-0.07202431559562683
0.664162962183292	0.36758251622451493	-0.07195057719945908
0.6648920104403538	0.36758251622451493	-0.07176003605127335
0.6624711103339963	0.3679508403497452	-0.07243659347295761
0.6629933050004612	0.3679508403497452	-0.07205012440681458
0.662197413385905	0.3683038176364241	-0.07265817373991013
0.6624294772753424	0.36862610124600054	-0.0727945938706398
0.6619499486750666	0.36880057056847804	-0.07297555357217789
0.6623177942151373	0.36931055781879674	-0.07320412993431091
0.6624560071390453	0.36961749458982196	-0.07325698435306549
0.6602969321186138	0.36992238511570696	-0.07391628623008728
0.6606897826923777	0.36992238511570696	-0.07381539791822433
0.6614063659707858	0.36992238511570696	-0.07352463155984879
0.6621245053475185	0.36992238511570696	-0.07341703027486801
0.6606641786784856	0.3708381360314578	-0.0739324688911438
0.6604973375882048	0.37108368544827797	-0.07417500019073486
0.6610306320492433	0.37108368544827797	-0.07407902926206589
0.6608631809744245	0.37145200957350816	-0.07418996840715408
0.6610831696061716	0.37314850110525094	-0.07443661242723465
0.6607183506283526	0.37314850110525094	-0.0743306577205658
0.6609589712988122	0.37351682523048113	-0.07446329295635223
0.6606139359905618	0.3737787446084226	-0.07480856031179428
0.6613227492266032	0.3737787446084226	-0.07447036355733871
0.6608376525659374	0.3740620708585997	-0.07497262209653854
0.660130874327899	0.3740989032711227	-0.07515628635883331
0.659578231452396	0.37439356257130685	-0.0751638114452362
0.6595146474273668	0.37451633727971695	-0.07525383681058884
0.659237979359747	0.37462157274406843	-0.07543959468603134
0.6596008782102692	0.37516879715869617	-0.07555215060710907
0.6590511508322339	0.3752022811700807	-0.07576091587543488
0.6589304318042023	0.3783128885900804	-0.07580114156007767
0.6586858893379255	0.37862859498313484	-0.0763186663389206
0.6573884738162178	0.3788835886082942	-0.07681786268949509
0.6580848599113621	0.3788835886082942	-0.07652972638607025
0.6587827229653508	0.3788835886082942	-0.0764087438583374
0.6571942832630572	0.3791385822334536	-0.07691588252782822
0.6573642806600147	0.37930432808980724	-0.07696596533060074
0.6576553872556616	0.3796076538399968	-0.07701405137777328
0.6573234811772286	0.3797809828401051	-0.0771244540810585
0.6580161297348442	0.3797809828401051	-0.07701538503170013
0.6576838140045922	0.3803193313342546	-0.07729467749595642
0.6579087437389616	0.3806451565219583	-0.07756300270557404
0.6581793720115103	0.3806451565219583	-0.07746517658233643
0.6580433898302177	0.3806451565219583	-0.07734355330467224
0.6579179143388859	0.3808556274506612	-0.07760012149810791
0.6576845092074599	0.3811011768674813	-0.07761868089437485
0.6575672365180629	0.38127117261758764	-0.07780887931585312
0.6578202978578145	0.38167632915534083	-0.07794401794672012
0.657231088903944	0.3818341823518681	-0.07836706936359406
0.657916418506555	0.3818341823518681	-0.07801821827888489
0.656904205143229	0.38188395588230456	-0.07843808084726334
0.6575877683119524	0.38188395588230456	-0.07843595743179321
0.6571912551205811	0.3820681179449197	-0.0784846842288971
0.6567712638240523	0.38263316063703406	-0.07862994819879532
0.657452561815571	0.38263316063703406	-0.0785120353102684
0.6572461187827692	0.38300148476226425	-0.07882550358772278
0.6569540402935237	0.38300148476226425	-0.07866045832633972
0.6576002033708035	0.38324703417908446	-0.07921206951141357
0.6579535571340948	0.3835693177886609	-0.0792793408036232
0.6576188971095578	0.3837350636450145	-0.07930921763181686
0.6572276854968951	0.3849754745539337	-0.07946279644966125
0.6575297341819368	0.3849754745539337	-0.07938923686742783
0.6577655305831834	0.3849754745539337	-0.07936152070760727
0.6568951450942632	0.38506755558524125	-0.07946949452161789
0.6559376861338524	0.3853579649916727	-0.0796746015548706
0.6566104427350152	0.3853579649916727	-0.07948502153158188
0.6561436279670243	0.3854919010372109	-0.07967661321163177
0.6559374948653663	0.38588068761384287	-0.079807810485363
0.6552737376605452	0.3861602361806842	-0.08032301068305969
0.6559423843316274	0.3861602361806842	-0.080283984541893
0.6561867926234201	0.3861602361806842	-0.07987596839666367
0.6556247827342107	0.38638123065582236	-0.08040985465049744
0.6553516108028367	0.386657473749745	-0.08099424839019775
0.6546856030682809	0.38673640034800866	-0.08108245581388474
0.6542028060370404	0.3869038204049315	-0.08146075904369354
0.6548669713223572	0.3869038204049315	-0.08109144866466522
0.6545531578039734	0.3871340229832004	-0.08154314011335373
0.6544690236072374	0.38729772259441375	-0.08158610016107559
0.6548183976986355	0.38733120660579834	-0.08178003877401352
0.6550408033575257	0.38751536866841346	-0.08180300146341324
0.6541215155968736	0.3875679864005892	-0.08206568658351898
0.6546320840806765	0.3875679864005892	-0.08190770447254181
0.6536306245103376	0.38761402691624297	-0.08210371434688568
0.6539790846466451	0.38795078040216774	-0.08227530866861343
0.6543268443605681	0.3880490001688958	-0.08236456662416458
0.6546739057618125	0.3884991740997327	-0.08276674151420593
0.6546859346092597	0.38874472351655287	-0.0830998569726944
0.6549548634554198	0.3890209666104755	-0.08318466693162918
0.6548553646487132	0.38948137176701325	-0.08344787359237671
0.6544156588426131	0.3904446810176153	-0.08360868692398071
0.6550700745014557	0.3904446810176153	-0.08355379104614258
0.6543328373980881	0.3910278608825631	-0.08367294818162918
0.6532783895148251	0.39139618500779333	-0.08375409245491028
0.6539297139310911	0.39139618500779333	-0.08368901163339615
0.6529865702217755	0.39149998544308545	-0.08398211002349854
0.6530152298754498	0.39202587044410864	-0.08411507308483124
0.6527116282288715	0.3924117338133974	-0.08438867330551147
0.6533598026362487	0.3924117338133974	-0.0842827707529068
0.6526503769530343	0.39292307023633594	-0.08452416956424713
0.652348397967964	0.3932913943615662	-0.08494517207145691
0.6529942874709026	0.3932913943615662	-0.084877610206604
0.6515211224208078	0.39393596158071903	-0.08540040254592896
0.6521649179963225	0.39393596158071903	-0.08526446670293808
0.6506005752521824	0.3941661641589879	-0.08572065085172653
0.6506005752521824	0.3941661641589879	-0.08566130697727203
0.6512073277570135	0.3941661641589879	-0.08541866391897202
0.65011076984727	0.3944055748403876	-0.0860968828201294
0.6503655005776059	0.3944055748403876	-0.0857788622379303
0.6500766577112557	0.39465112425720766	-0.08612491190433502
0.6500520486261612	0.39515756992939927	-0.08618945628404617
0.6503951348529983	0.39552589405462935	-0.08646207302808762
0.6489765762952671	0.39612953637097886	-0.08671227097511292
0.6496115827299983	0.39612953637097886	-0.08669151365756989
0.6502478330558846	0.39612953637097886	-0.08663361519575119
0.648761336893193	0.3962676579179402	-0.08677203208208084
0.6483975327293612	0.3976405023847073	-0.08678964525461197
0.6478073274183431	0.3984139830476907	-0.08734975010156631
0.6481902503714813	0.3984139830476907	-0.08734753727912903
0.6482903826374823	0.3984139830476907	-0.08695279806852341
0.6481495943499094	0.3987606410479073	-0.08735266327857971
0.6469701601873348	0.39946752573269256	-0.08750790357589722
0.6475976773165175	0.39946752573269256	-0.08744967728853226
0.6482264129255626	0.39946752573269256	-0.08743277192115784
0.6472595849557361	0.39979807302456577	-0.08760145306587219
0.6457713815243972	0.39985946037877074	-0.08792611211538315
0.6463953152263531	0.39985946037877074	-0.08784328401088715
0.6470204557633225	0.39985946037877074	-0.08760928362607956
0.6457272432587035	0.4000804548539089	-0.08799285441637039
0.6460685464925582	0.4004126042882683	-0.08799316734075546
0.645787645441611	0.4007348878978448	-0.08823120594024658
0.6464091927423248	0.4007348878978448	-0.08808129280805588
0.6461279070694289	0.40113295248039166	-0.08875691145658493
0.6464675156039111	0.401189617730427	-0.0887729749083519
0.6463803516920719	0.4014198203086959	-0.08878704905509949
0.6463085587990992	0.4016302912373989	-0.08883827924728394
0.6466470195083823	0.4019986153626291	-0.08889561891555786
0.6468482583588934	0.4021564685591564	-0.08900582045316696
0.6455279635833728	0.4024634053301815	-0.08998926728963852
0.6461439253806852	0.4024634053301815	-0.08955454081296921
0.646761063800342	0.4024634053301815	-0.08902304619550705
0.6458655559990077	0.40283172945541174	-0.09032994508743286
0.645885347731327	0.40302056864977576	-0.09033521264791489
0.6454442192466187	0.4031678982998678	-0.09055664390325546
0.6457809293897843	0.40394488681166296	-0.09061888605356216
0.6458798089634182	0.4047353486518485	-0.0906267836689949
0.6460800582981855	0.40505105504490296	-0.09081167727708817
0.6456329304432424	0.40507560998658504	-0.09083115309476852
0.6452586324958032	0.40510016492826706	-0.09101225435733795
0.6449638070712639	0.4057058534897567	-0.09125930070877075
0.645141681978027	0.40596894215063545	-0.09131526201963425
0.6445539188326083	0.40606760039846496	-0.09148181229829788
0.645161988567356	0.40606760039846496	-0.09131638705730438
0.643759315452344	0.40643592452369515	-0.09171322733163834
0.6443654918322427	0.40643592452369515	-0.09156548231840134
0.6438378055010474	0.40659100836589734	-0.09252537786960602
0.643267753333128	0.40674447675140996	-0.09256193786859512
0.643871760613253	0.40674447675140996	-0.09253398329019547
0.6433343118719776	0.4070075654122887	-0.09272025525569916
0.6424651502499067	0.40729403973191214	-0.09289932250976562
0.6430661466486438	0.40729403973191214	-0.0928717628121376
0.6436682685088017	0.40729403973191214	-0.09286607801914215
0.6420403461880487	0.40740453696948115	-0.09294295310974121
0.642257659297948	0.4076910112891047	-0.092973493039608
0.642163911867723	0.40887525342218184	-0.09322761744260788
0.6420902378039023	0.40917015345708846	-0.0935259610414505
0.6420673547230246	0.40917015345708846	-0.0935090109705925
0.64066777623567	0.4093174831071806	-0.09420900791883469
0.6411299959509703	0.4093174831071806	-0.0940772071480751
0.6417258416721143	0.4093174831071806	-0.09361597895622253
0.6401936051400767	0.4094709514926932	-0.094403937458992
0.6407869263681955	0.4094709514926932	-0.0942259207367897
0.6405264510187632	0.40973404015357184	-0.09474706649780273
0.6396268654268557	0.4099734508349715	-0.09511753171682358
0.6398712115629838	0.4099734508349715	-0.09496458619832993
0.6404625897622103	0.4099734508349715	-0.09491289407014847
0.6387942192658485	0.4105159025514563	-0.09549231827259064
0.6393829696983516	0.4105159025514563	-0.095424123108387
0.6380656914561316	0.4108105618516405	-0.09634503722190857
0.6386521488931317	0.4108105618516405	-0.09619960188865662
0.6386154246247985	0.4108105618516405	-0.09562209248542786
0.6377861204853766	0.41097798190856333	-0.09656071662902832
0.6373944982995876	0.4111884528372663	-0.09664136171340942
0.6368381192237116	0.4114340022540865	-0.09690440446138382
0.6374213043145758	0.4114340022540865	-0.09679555892944336
0.6371700770672	0.4116642048323554	-0.09730463474988937
0.6372731180927094	0.4118023263793167	-0.0976337194442749
0.6360194521212785	0.41203685755307434	-0.0978998988866806
0.6363847441308266	0.41203685755307434	-0.09781529009342194
0.6369653871455444	0.41203685755307434	-0.09766045957803726
0.6355923795230485	0.41209824490727937	-0.09814959764480591
0.6356963864507548	0.412374488001202	-0.09831809997558594
0.6348275859233048	0.4124358753554071	-0.09870781749486923
0.6353102192657765	0.4124358753554071	-0.09841560572385788
0.6348564518169977	0.41246935936679163	-0.09902725368738174
0.6346588161420427	0.41319899191962856	-0.09931758791208267
0.6342861445551157	0.4133998959879359	-0.09954526275396347
0.6348601591655727	0.4133998959879359	-0.09940227121114731
0.634616509374849	0.41363009856620475	-0.09964966773986816
0.6331036272065786	0.41384495430592244	-0.10017728805541992
0.633133423450689	0.41384495430592244	-0.09995240718126297
0.6334478761663285	0.41384495430592244	-0.09989039599895477
0.6340190645127363	0.41384495430592244	-0.09987430274486542
0.634570224919938	0.41384495430592244	-0.09971006959676743
0.6327144954660516	0.4139677290143325	-0.1003880724310875
0.6330441952008218	0.4143851630229268	-0.1005486249923706
0.6327955278357623	0.41460182427306214	-0.10139674693346024
0.6327652045243648	0.41460182427306214	-0.10137934237718582
0.6329737754961609	0.41460182427306214	-0.10128097236156464
0.6333733035459332	0.41460182427306214	-0.10064034163951874
0.6331236819663827	0.4146584895230976	-0.10177047550678253
0.6327964882027223	0.4149899812358048	-0.1019357293844223
0.6330125484273407	0.4153276116839324	-0.10204245895147324
0.6322519774298975	0.4155380826126354	-0.1025058701634407
0.6328149800812153	0.4155380826126354	-0.10243064165115356
0.6329576607473061	0.4155380826126354	-0.10209456831216812
0.6318479098052651	0.4156433180769869	-0.10379332304000854
0.6318169597991661	0.4156433180769869	-0.10291902720928192
0.6318196507903536	0.4157476765791354	-0.10402750223875046
0.631949046293002	0.41603415089875884	-0.10413506627082825
0.631975789261562	0.41627970031557904	-0.10430262982845306
0.6322750435947796	0.41627970031557904	-0.10423435270786285
0.6323011864417021	0.4164638623781941	-0.10430895537137985
0.6324051606586262	0.41680149282632184	-0.10487695783376694
0.6327296044709311	0.41716981695155214	-0.10550066083669662
0.6326673542382114	0.4172434817765981	-0.10559207201004028
0.6324235944896641	0.4172434817765981	-0.10555826872587204
0.6317997114159738	0.4174539527053011	-0.10640396922826767
0.6321418691215904	0.4174539527053011	-0.1062985435128212
0.6322580888833509	0.4174539527053011	-0.10597793757915497
0.6328146541024383	0.4174539527053011	-0.1059373989701271
0.6320429493086711	0.4177887928191467	-0.10647482424974442
0.6303247047306688	0.4178545649843664	-0.1074303537607193
0.6306262011602545	0.4178545649843664	-0.10717374086380005
0.6311784132453335	0.4178545649843664	-0.10690293461084366
0.6316768167626388	0.4178545649843664	-0.10666823387145996
0.6298712430768526	0.4178713069900587	-0.1077016294002533
0.6297693378080674	0.4181343956509374	-0.10810146480798721
0.6301942175593336	0.4181343956509374	-0.10770905017852783
0.6296072868937508	0.4182162454565442	-0.10813407599925995
0.6298238137266212	0.4182162454565442	-0.10812431573867798
0.6299293675138432	0.4184924885504668	-0.10832906514406204
0.6298371695610158	0.41937602796991785	-0.10866256058216095
0.6292325083822456	0.41974435209514804	-0.10916557908058167
0.6297787171568829	0.41974435209514804	-0.10885188728570938
0.6286479787862014	0.41989168174524005	-0.10995250195264816
0.6291927344004008	0.41989168174524005	-0.10942482948303223
0.628825042241692	0.4200758438078552	-0.11019181460142136
0.6291458503296421	0.4203705031080393	-0.11028879880905151
0.6293941411900368	0.42064060746654147	-0.11080451309680939
0.6290079669369117	0.42074584293089295	-0.11126422137022018
0.6287857309904227	0.42101371502196944	-0.11289767175912857
0.6293277876550697	0.42101371502196944	-0.11264678090810776
0.628453809003334	0.42122418595067235	-0.11343330144882202
0.6285642593980059	0.42122418595067235	-0.11316452920436859
0.6291051924955945	0.42122418595067235	-0.11301448941230774
0.6281807200913002	0.42140834801328747	-0.11532582342624664
0.6282906520982396	0.42140834801328747	-0.11478842794895172
0.6282577113132024	0.42140834801328747	-0.11360318213701248
0.6279614203135564	0.4217030073134717	-0.11646100878715515
0.6284990585158796	0.4217030073134717	-0.11586537957191467
0.6266725493150447	0.42207133143870185	-0.11743605881929398
0.6272072528554159	0.42207133143870185	-0.11738622188568115
0.6277428696383838	0.42207133143870185	-0.11693272739648819
0.6282794020055961	0.42207133143870185	-0.11678202450275421
0.6264226862690637	0.4222387514956247	-0.11757831275463104
0.6263999613414801	0.4224843009124447	-0.1186000257730484
0.6267406244084092	0.4224843009124447	-0.11768150329589844
0.6256901708015681	0.4225763819437523	-0.11887331306934357
0.6262217682279075	0.4225763819437523	-0.11870481818914413
0.6258864835126294	0.4231749086472514	-0.11941294372081757
0.6259805137005535	0.42370083299914263	-0.11946041136980057
0.6254289392272869	0.4238886060825933	-0.1201140284538269
0.6259585149590627	0.4238886060825933	-0.11980961263179779
0.625534240208498	0.42405172105233807	-0.1203388050198555
0.624956264719346	0.4242205362764019	-0.12216830253601074
0.6254832092933083	0.4242205362764019	-0.12155691534280777
0.6257175191011874	0.4242205362764019	-0.12073829025030136
0.6255220585116252	0.4242205362764019	-0.12043647468090057
0.6249618393680405	0.4243257717407534	-0.12303724139928818
0.6237751499838544	0.42452667580906084	-0.12378588318824768
0.6242993307821602	0.42452667580906084	-0.12370108813047409
0.6248243932975363	0.42452667580906084	-0.12354636192321777
0.6236735373792047	0.4246085256146675	-0.12477688491344452
0.6235676476368571	0.4246085256146675	-0.12427964061498642
0.624090774858029	0.4246085256146675	-0.12391430884599686
0.6237792499002264	0.42467352398970815	-0.1249021515250206
0.6244078559989729	0.4249804607607333	-0.12514139711856842
0.6240938157447914	0.4249804607607333	-0.12491171807050705
0.6243636328899825	0.4253487848859635	-0.12528268992900848
0.6242267336356118	0.42562502797988616	-0.1270330250263214
0.6244684171828182	0.42562502797988616	-0.1263989806175232
0.6244684171828182	0.42562502797988616	-0.1254856288433075
0.6240847617024922	0.4259407343729406	-0.12857961654663086
0.6245396172878719	0.4259407343729406	-0.12744155526161194
0.6239084977398787	0.4263090584981708	-0.1287732869386673
0.6243972431973364	0.4263090584981708	-0.12873689830303192
0.6231270942066158	0.4266313421077472	-0.13044078648090363
0.6235746843897612	0.4266313421077472	-0.13005666434764862
0.6240131379907169	0.4266313421077472	-0.12938551604747772
0.6234390750888951	0.42673179414190093	-0.13059723377227783
0.6237505398737678	0.4267705651024515	-0.13122399151325226
0.6234003328160209	0.42682318283462733	-0.13124945759773254
0.6231967019037833	0.42696130438158864	-0.13163883984088898
0.6237113152001531	0.42696130438158864	-0.13162238895893097
0.6233424589508535	0.4272068537984087	-0.1326565146446228
0.6229748170431155	0.42737427385533155	-0.1334441602230072
0.6234879758709928	0.42737427385533155	-0.13287398219108582
0.6220476990683721	0.42745612366093827	-0.133747860789299
0.6225592514524744	0.42745612366093827	-0.13370917737483978
0.6210297197882448	0.4276863262392072	-0.13662435114383698
0.6210059736569237	0.4276863262392072	-0.13605985045433044
0.6215154125196447	0.4276863262392072	-0.135940283536911
0.621947495702963	0.4276863262392072	-0.13514681160449982
0.6211352601157504	0.42780910094761726	-0.1368429809808731
0.6199175845325895	0.42820373393893535	-0.13758589327335358
0.6199175845325895	0.42820373393893535	-0.13740180432796478
0.6203777721593048	0.42820373393893535	-0.13722841441631317
0.6205762116653211	0.42820373393893535	-0.13708454370498657
0.621083218374198	0.42820373393893535	-0.13706561923027039
0.6212406278507333	0.42820373393893535	-0.1370106041431427
0.6197617651873442	0.42829581497024294	-0.1379014253616333
0.6190637267669038	0.42855561502286066	-0.13866834342479706
0.6195670306098038	0.42855561502286066	-0.13837118446826935
0.6200711534988272	0.42855561502286066	-0.1379222571849823
0.6186678407543055	0.4286279644046023	-0.13957223296165466
0.6187641620536191	0.4286279644046023	-0.13905461132526398
0.6181157920693233	0.42873629502967003	-0.13965986669063568
0.6186166962768349	0.42873629502967003	-0.13960953056812286
0.617458061643681	0.4288252613331533	-0.14030517637729645
0.6179528073400332	0.4288252613331533	-0.14003343880176544
0.6174202836279474	0.42914096772620774	-0.14114166796207428
0.6177670615938882	0.42914096772620774	-0.14036579430103302
0.6173255898508282	0.4291946816611372	-0.1435345709323883
0.6171314314883521	0.429399306175154	-0.14479811489582062
0.6174996492734571	0.429399306175154	-0.14361615478992462
0.61720959261691	0.430486334555	-0.1455182284116745
0.6167249314583131	0.43065375461192285	-0.14663492143154144
0.6170788336634764	0.43065375461192285	-0.1464269459247589
0.6170325358471909	0.4312625125411228	-0.14739377796649933
0.6173396468850039	0.431630836666353	-0.14751988649368286
0.6165781997997067	0.4318886635540142	-0.14816570281982422
0.6170718572855352	0.4318886635540142	-0.14798931777477264
0.617546105501282	0.4318886635540142	-0.14785881340503693
0.6154088913473951	0.43210870134311274	-0.1488981395959854
0.6159000397044161	0.43210870134311274	-0.14863599836826324
0.6163919726434771	0.43210870134311274	-0.14849643409252167
0.6168846920460699	0.43210870134311274	-0.14825233817100525
0.613235937448533	0.4324361005655395	-0.1512945145368576
0.6134050381126476	0.4324361005655395	-0.15043707191944122
0.6136499525601777	0.4324361005655395	-0.15038639307022095
0.6141373631658649	0.4324361005655395	-0.15019634366035461
0.6146255486691764	0.4324361005655395	-0.15018080174922943
0.6151145109195099	0.4324361005655395	-0.1501237154006958
0.6156042517721528	0.4324361005655395	-0.14938165247440338
0.6157153384459231	0.4324361005655395	-0.1491328924894333
0.6117552011111589	0.4325494310656104	-0.15371178090572357
0.6122380386810966	0.4325494310656104	-0.1534622311592102
0.6126458415584438	0.4325494310656104	-0.15306518971920013
0.6131301465715335	0.4325494310656104	-0.15243741869926453
0.6130567666614309	0.4325494310656104	-0.15225371718406677
0.6135421639430314	0.4325494310656104	-0.15138477087020874
0.6118641410630019	0.432825674159533	-0.15463198721408844
0.6118641410630019	0.432825674159533	-0.15446899831295013
0.6120122795346058	0.4330098362221481	-0.1547599881887436
0.6118547283358236	0.4330512858031925	-0.15536873042583466
0.6112573544103245	0.4332462809283144	-0.15626028180122375
0.6117375251522021	0.4332462809283144	-0.15610522031784058
0.6121598739896476	0.4332462809283144	-0.1555323302745819
0.6111392354157901	0.43413639756428735	-0.15665264427661896
0.6112002596527175	0.43413639756428735	-0.15630285441875458
0.6093197189405247	0.434536292328823	-0.15958355367183685
0.6097523471931693	0.434536292328823	-0.159452885389328
0.6102290886686916	0.434536292328823	-0.15902963280677795
0.6103716230295916	0.434536292328823	-0.15809893608093262
0.6107501566991652	0.434536292328823	-0.15792088210582733
0.6089744357484235	0.43461814213442973	-0.15958935022354126
0.6069139958303408	0.43489438522835233	-0.16692496836185455
0.6073855684766736	0.43489438522835233	-0.16415846347808838
0.6078578745174797	0.43489438522835233	-0.1639447957277298
0.6083309156649641	0.43489438522835233	-0.1637069433927536
0.6088046936366659	0.43489438522835233	-0.16361264884471893
0.6092792101554785	0.43489438522835233	-0.1629020720720291
0.6045972039876949	0.4349613532511215	-0.17329122126102448
0.604530466417167	0.4349613532511215	-0.17305153608322144
0.604225555442932	0.4349613532511215	-0.172922745347023
0.6044765035063882	0.4349613532511215	-0.17238546907901764
0.604943280729173	0.4349613532511215	-0.17222145199775696
0.6054107794005248	0.4349613532511215	-0.17158181965351105
0.6055352699921381	0.4349613532511215	-0.1710672676563263
0.6058632243947496	0.4349613532511215	-0.17091892659664154
0.6063325220124063	0.4349613532511215	-0.170528382062912
0.6065955480096971	0.4349613532511215	-0.169902503490448
0.6069368427198158	0.4349613532511215	-0.1669323891401291
0.6049649938815309	0.43498968587613923	-0.17518103122711182
0.6052010506758952	0.43498968587613923	-0.17470617592334747
0.6048975926057	0.43498968587613923	-0.17437756061553955
0.6049013599846275	0.43498968587613923	-0.17413169145584106
0.6036802695887158	0.43500503271469043	-0.1773911863565445
0.6041421519678961	0.43500503271469043	-0.1770128458738327
0.6042984629571518	0.43500503271469043	-0.17700329422950745
0.6044828783589302	0.43500503271469043	-0.17640778422355652
0.6046780339404939	0.43500503271469043	-0.17556032538414001
0.6038491328630624	0.43562767587876994	-0.17954714596271515
0.6037283875391192	0.43562767587876994	-0.17814524471759796
0.6032393142670802	0.435689063232975	-0.1830296367406845
0.6032497983722261	0.435689063232975	-0.18226921558380127
0.6032014623445626	0.435689063232975	-0.18110212683677673
0.6033885309310539	0.435689063232975	-0.18101924657821655
0.6035410334197289	0.4358118379413851	-0.183405339717865
0.6033357084196632	0.4359499594883465	-0.18430814146995544
0.6033357084196632	0.4359499594883465	-0.18351127207279205
0.6030030359374442	0.43599600000400024	-0.18739105761051178
0.603460549621767	0.43599600000400024	-0.18675529956817627
0.6036368961885169	0.43599600000400024	-0.18623903393745422
0.6028419008396415	0.4363233992264271	-0.18824011087417603
0.6025414786768878	0.4363233992264271	-0.188127800822258
0.602997603944622	0.4363233992264271	-0.18777091801166534
0.603135441044899	0.4363233992264271	-0.18751144409179688
0.5997756168011342	0.4363760169586029	-0.20434965193271637
0.6002255609997847	0.4363760169586029	-0.20419329404830933
0.6003425137899914	0.4363760169586029	-0.20418108999729156
0.6007935600062123	0.4363760169586029	-0.2041255682706833
0.60124528448742	0.4363760169586029	-0.20172210037708282
0.6016600664923014	0.4363760169586029	-0.1994118094444275
0.60150130148213	0.4363760169586029	-0.19808924198150635
0.6014163094604242	0.4363760169586029	-0.19624240696430206
0.6018698662548891	0.4363760169586029	-0.19404242932796478
0.6023241076633834	0.4363760169586029	-0.19176319241523743
0.6025754039356841	0.4363760169586029	-0.19036926329135895
0.599841381985545	0.4370559999590279	-0.20996250212192535
0.5997913630598856	0.4370559999590279	-0.2087189108133316
0.5998881444289985	0.4370559999590279	-0.20624300837516785
0.5974097252777417	0.4370969248618312	-0.21790246665477753
0.5978548890074569	0.4370969248618312	-0.21684008836746216
0.5983007166651806	0.4370969248618312	-0.21610315144062042
0.5987472097373188	0.4370969248618312	-0.21509912610054016
0.5991943697147178	0.4370969248618312	-0.21090714633464813
0.5996421980926809	0.4370969248618312	-0.21042373776435852
0.5968931308907116	0.43734805494721546	-0.22243525087833405
0.5973372478035767	0.43734805494721546	-0.2195219099521637
0.5958985616083139	0.4374708296556255	-0.22609467804431915
0.5961924729383868	0.4374708296556255	-0.22552450001239777
0.5966354093967363	0.4374708296556255	-0.22462919354438782
0.5952497838336076	0.43774707274954816	-0.22903840243816376
0.5956506695593703	0.43774707274954816	-0.2265845388174057
0.5960922193514825	0.43774707274954816	-0.2262088805437088
0.5930924875300306	0.43785230821389964	-0.23978056013584137
0.5935298713703919	0.43785230821389964	-0.2372819036245346
0.5937034481512312	0.43785230821389964	-0.23544776439666748
0.594141929279851	0.43785230821389964	-0.2343132197856903
0.5945810585697844	0.43785230821389964	-0.23376178741455078
0.595020837459259	0.43785230821389964	-0.2304074615240097
0.5930168056744554	0.4378910791744502	-0.24163424968719482
0.5933921248735283	0.4378910791744502	-0.24088695645332336
0.5907088930287593	0.43802920072141155	-0.27429068088531494
0.59046209789688	0.43802920072141155	-0.2709265947341919
0.5908937222374478	0.43802920072141155	-0.2658458352088928
0.5905944491739785	0.43802920072141155	-0.260408490896225
0.591026802357854	0.43802920072141155	-0.2585902512073517
0.5909857532580947	0.43802920072141155	-0.25748780369758606
0.5912095593193437	0.43802920072141155	-0.2566087245941162
0.5916433154156896	0.43802920072141155	-0.2562532126903534
0.5920777084519713	0.43802920072141155	-0.2555270791053772
0.5925127398321711	0.43802920072141155	-0.2455957531929016
0.5929484109644007	0.43802920072141155	-0.24429737031459808
0.5896625280293819	0.43809058807561657	-0.30325785279273987
0.5900910618433568	0.43809058807561657	-0.2998311221599579
0.5897929462519701	0.43809058807561657	-0.29768264293670654
0.5900081393372636	0.43809058807561657	-0.28790438175201416
0.5897095290964313	0.43809058807561657	-0.2854306399822235
0.5901393465374637	0.43809058807561657	-0.28255170583724976
0.5904239120710432	0.43809058807561657	-0.2800419330596924
0.5899603055852387	0.43836683116953923	-0.3127090632915497
0.5887299129278765	0.4384159410529033	-0.3279741406440735
0.5888269371204884	0.4384159410529033	-0.3265443444252014
0.5892530058159446	0.4384159410529033	-0.3252166509628296
0.5896796915551307	0.4384159410529033	-0.3144432306289673
0.590106995679446	0.4384159410529033	-0.314089298248291
0.5902576512664677	0.4384159410529033	-0.31368300318717957
0.5848044440804164	0.43876672593407495	-0.5296332836151123
0.5852239594635444	0.43876672593407495	-0.514254093170166
0.5856440771659591	0.43876672593407495	-0.4886901378631592
0.5860647984857622	0.43876672593407495	-0.4708622097969055
0.5864861247247887	0.43876672593407495	-0.42770594358444214
0.5869080571886194	0.43876672593407495	-0.40137895941734314
0.5873305971865954	0.43876672593407495	-0.39844805002212524
0.5877537460318307	0.43876672593407495	-0.3945375680923462
0.5881775050412263	0.43876672593407495	-0.36605679988861084
0.5886018755354842	0.43876672593407495	-0.3324027955532074
0.5890268588391199	0.43876672593407495	-0.3303428888320923
