Precision	Recall	Confidence
0.8461538461538461	0.0007031642390758413	-5.317869727150537e-05
0.8675213675213675	0.001030563461502688	-7.658005051780492e-05
0.9116809116809117	0.0013988875867328907	-8.172988600563258e-05
0.9337606837606838	0.001767211711963093	-0.00011030832683900371
0.947008547008547	0.0021355358371932956	-0.0001475707395002246
0.9558404558404558	0.0025038599624234983	-0.00014970582560636103
0.941740798883656	0.0032405082128839032	-0.00015082245226949453
0.949023199023199	0.0037929944007292072	-0.0001650582125876099
0.886311219644553	0.004099931171754377	-0.00018319630180485547
0.88998778998779	0.004439922671966871	-0.00018487735360395163
0.8929958929958931	0.004779914172179366	-0.00022479465405922383
0.8963573463573464	0.005123683355727555	-0.00022713343787472695
0.9043298581760121	0.0055431636094619525	-0.00026345602236688137
0.9060613989185419	0.006007953577014351	-0.0003168130642734468
0.9123239723239724	0.006640243325326199	-0.0003795244556386024
0.9141272534654888	0.006986901325542859	-0.00040019475272856653
0.9015315326734012	0.007641699770396554	-0.00040641584200784564
0.9030337491121805	0.00822049482432973	-0.0004167610895819962
0.9081372360010131	0.008793443463576711	-0.0004271593934390694
0.9127303742009625	0.009161767588806914	-0.0004727212944999337
0.902600356381869	0.009419594476468056	-0.0005118069238960743
0.9070276129099658	0.010137826520666951	-0.0005188870127312839
0.8917462191119481	0.010450781659751437	-0.0005327090620994568
0.8920901266489502	0.01081910578498164	-0.0005551720969378948
0.8844065215829922	0.011076932672642781	-0.0005589842912741005
0.8811601169067232	0.011371591972826943	-0.0008995201787911355
0.8855615940583261	0.011739916098057145	-0.0009030532673932612
0.8777439180800525	0.012108240223287348	-0.0009087153594009578
0.8805803346979817	0.012461831383508343	-0.0009134517167694867
0.8336942585139928	0.012784114993084768	-0.0009834198281168938
0.8614840671311259	0.012784114993084768	-0.0009578649769537151
0.8305579796020972	0.013136069157193628	-0.0010002445196732879
0.8356925862808215	0.013504393282423827	-0.001022670534439385
0.8301445344351919	0.013774497640925977	-0.0010357499122619629
0.8349975477370435	0.01414282176615618	-0.0010714530944824219
0.8364945294357059	0.014470220988583025	-0.0011572837829589844
0.8409135962077139	0.014838545113813228	-0.001186323119327426
0.8394609827736763	0.015127942640779818	-0.0012276520719751716
0.839914364167758	0.015459434353487	-0.0015157501911744475
0.8418331717302306	0.015797064801614684	-0.0015299320220947266
0.8444713870538835	0.01649688063955207	-0.0016117413761094213
0.8461903222827593	0.017063533139906228	-0.0016127994749695063
0.8393021752529277	0.018168505515596834	-0.0016153124161064625
0.8429543985426339	0.01853682964082704	-0.001686135889030993
0.8445924489453903	0.018874460088954725	-0.0017513607162982225
0.8329207067442362	0.019196743698531152	-0.0017807306721806526
0.8270193205487323	0.01979833976974048	-0.0018077492713928223
0.8283082698891523	0.020125738992167328	-0.0018108844524249434
0.8318121827485574	0.020494063117397533	-0.0018284838879480958
0.8337473676650149	0.02083607837653986	-0.001898245420306921
0.8342061027528156	0.02115178476959432	-0.0019506216049194336
0.8309841905203896	0.021397334186414454	-0.0019880596082657576
0.8324579021915315	0.02201120772846479	-0.002075799275189638
0.8355605336324289	0.02237953185369499	-0.002083691768348217
0.8330957966572938	0.023116180104155396	-0.002155191730707884
0.8338440860026993	0.023622625776346926	-0.0021744410041719675
0.8355059692056596	0.023921889128096466	-0.002177818911150098
0.8340317283572862	0.024198132222019116	-0.0022477670572698116
0.8274285540536787	0.024813450172403693	-0.0023004913236945868
0.8296637191784251	0.025167607985125042	-0.002300635678693652
0.8266013162879122	0.025404387779915886	-0.0023646163754165173
0.8226776391434835	0.025619243519633506	-0.0023879266809672117
0.8254922797919997	0.02598756764486371	-0.002394805895164609
0.823957599283886	0.026695883270306406	-0.002478382084518671
0.8253838926282364	0.027033513718434092	-0.002585404785349965
0.8215360847312719	0.028015711385714636	-0.0026387216057628393
0.8241997252576707	0.028384035510944837	-0.0026863222010433674
0.8233913582572752	0.02904627484721732	-0.002696445444598794
0.8253711936448509	0.02964541542425845	-0.00279256422072649
0.8245045463406808	0.029987430683400783	-0.002830872079357505
0.8215591952004546	0.030447835839938535	-0.002844004426151514
0.8240375397115594	0.030816159965168736	-0.0028988332487642765
0.8195986693045517	0.031000322027783838	-0.002902484964579344
0.8178785209667563	0.03141197840304113	-0.0029823302756994963
0.8203068073538663	0.031780302528271326	-0.0030353947076946497
0.8203068073538663	0.031780302528271326	-0.0030000617261976004
0.8202788469700234	0.03205654562219398	-0.003209066344425082
0.821685244133678	0.03239856088133631	-0.003421215806156397
0.8239713307473489	0.032766885006566514	-0.00360875460319221
0.8255967689958754	0.033117669887738135	-0.0036856706719845533
0.821526809383427	0.03409588136318718	-0.003794480348005891
0.8088066433009043	0.03446420548841739	-0.0038431992288678885
0.81879191050215	0.03446420548841739	-0.0038033723831176758
0.8076678369272273	0.03499038281017482	-0.0038845879025757313
0.8046665002442313	0.03513204593526336	-0.003908681683242321
0.8057880708295933	0.035728061337908595	-0.003938919864594936
0.7935337996088501	0.0364449779388031	-0.003962516784667969
0.8027609368136042	0.0364449779388031	-0.003953240346163511
0.7866808722323426	0.03752364144840583	-0.00398252485319972
0.7890777163645635	0.038543110009310856	-0.004141278099268675
0.7901867293926117	0.038837769309495014	-0.004273080732673407
0.7901375816598827	0.0391271668364616	-0.00436756806448102
0.7902447818592317	0.03942182613664576	-0.004445129074156284
0.7925002143123583	0.03976968781047428	-0.004450944717973471
0.7947076588409503	0.04012327897069528	-0.004468160681426525
0.7959116930541077	0.04045811908454092	-0.004577775951474905
0.7957227981033125	0.04086736811257447	-0.004612233955413103
0.7924286504547267	0.04175329924712439	-0.00464286794885993
0.7928460451779776	0.042016387908003106	-0.004791708663105965
0.7886253780549678	0.04282000418123264	-0.0051850201562047005
0.7901141242744181	0.043188328306462846	-0.005201682914048433
0.7907777750948978	0.0435040346995173	-0.005330707877874374
0.7911949864501765	0.043734237277786185	-0.005378039553761482
0.7917659089118253	0.04404731278423186	-0.005437122192233801
0.7902716562911697	0.04437880449693904	-0.0054440563544631
0.7922690690883966	0.044747128622169244	-0.005475062411278486
0.793442631329701	0.04508475907029693	-0.005715899635106325
0.7889785831274067	0.04583814932644962	-0.005716380663216114
0.7795987518365879	0.04604335848193501	-0.0058306180872023106
0.7868172587980378	0.04604335848193501	-0.005783810280263424
0.7753086932534581	0.04627001948207667	-0.005876768380403519
0.7734719353991797	0.04663834360730688	-0.00590621680021286
0.7754945074045442	0.047006667732537075	-0.0059495787136256695
0.7713972108788403	0.047395454309168965	-0.005983549170196056
0.7707709195553418	0.04765328119683011	-0.00623360788449645
0.7715219798821896	0.04796898758988457	-0.0062588779255747795
0.7689544129049838	0.048529446161392875	-0.006275004707276821
0.7709291615126336	0.049065562388116844	-0.006514653563499451
0.76751807584415	0.04943388651334705	-0.006533680483698845
0.7677025767547919	0.049664089091615925	-0.006704502739012241
0.7652524237028879	0.05137533467026481	-0.006725403014570475
0.7610839703269747	0.05241482720147004	-0.006824205629527569
0.7566274730648506	0.055177258140696565	-0.0068518840707838535
0.7538237107300336	0.055913906391156974	-0.0069167232140898705
0.7542969066112429	0.056213169742906514	-0.007101564202457666
0.7551716222674439	0.0569314017871054	-0.007309122942388058
0.7571147046304008	0.057299725912335606	-0.007324723526835442
0.7536138014443344	0.05756281457321433	-0.007339532021433115
0.7555386936205506	0.057931138698444525	-0.0074003636837005615
0.7561417528431302	0.05893087560978364	-0.007422874681651592
0.757565096825785	0.05924104329418802	-0.00753424409776926
0.7558534039746976	0.05938837294428011	-0.007580425590276718
0.7570142941649719	0.059723213058125744	-0.007702195551246405
0.75743147992313	0.060459861308586146	-0.007962383329868317
0.7550957557777667	0.06082818543381635	-0.007998833432793617
0.7519715896855856	0.06177368560583586	-0.008141192607581615
0.75040166283835	0.06197201398095983	-0.008191041648387909
0.7469149884579772	0.06500765237571424	-0.008228873834013939
0.746772653231997	0.06577587126548008	-0.008261298760771751
0.7439393332552963	0.06670895904939658	-0.008278739638626575
0.7457683380177583	0.06705272823294478	-0.00836409255862236
0.7475713994502565	0.06727938923308643	-0.008507346734404564
0.7482656420326761	0.06756878676005303	-0.008552086539566517
0.7500260221583218	0.06796859157974736	-0.00882918480783701
0.7517619525600001	0.06878894985866917	-0.008841309696435928
0.753473939094069	0.06915727398389936	-0.008943931199610233
0.7524227477304111	0.07036269839374365	-0.009277339093387127
0.7529731598773697	0.07066963516476883	-0.009280997328460217
0.7499419076220291	0.07090402324446077	-0.009302467107772827
0.7493830133874293	0.07110492731276816	-0.009400115348398685
0.7468113690557555	0.07135047672958829	-0.009403771720826626
0.7451768566779029	0.0718918015803054	-0.009441852569580078
0.7438927984102851	0.07299677395599602	-0.009482513181865215
0.7424909615886875	0.07335918913804072	-0.009570899419486523
0.7416655957042455	0.07363189065383614	-0.009665291756391525
0.7372032370222827	0.0738201452067316	-0.009748405776917934
0.7363237290926526	0.07388514358177221	-0.009764671325683594
0.7371539388861177	0.07420435782363839	-0.00986438151448965
0.7379133624193882	0.07448060091756102	-0.0099171232432127
0.7383038444167506	0.07521724916802144	-0.009933455847203732
0.7394186120558126	0.07604597844978939	-0.009936196729540825
0.7407886827883852	0.07637337767221623	-0.010102304629981518
0.7423887526477162	0.07682062839571005	-0.010117319412529469
0.74324742865096	0.07714562027091316	-0.010137787088751793
0.7437967329478037	0.07800504322978365	-0.010378433391451836
0.742073476744844	0.07863167258569477	-0.010635013692080975
0.7407737316408008	0.07929391192196725	-0.010891634970903397
0.7416844107498808	0.07962277274806565	-0.010896241292357445
0.7418992522202849	0.07999109687329585	-0.01100004930049181
0.7434264755799281	0.0802191070460574	-0.011253798380494118
0.7380209027661279	0.0807715932339027	-0.011322826147079468
0.7423622021941638	0.0807715932339027	-0.011316061019897461
0.7395440370523713	0.08113991735913291	-0.011336825788021088
0.7405678672813557	0.081324079421748	-0.011501389555633068
0.7409094312624973	0.08144685413015808	-0.011511270888149738
0.7421994726076641	0.08180290078454727	-0.011529975570738316
0.7384657464299769	0.08298475351336133	-0.011662826873362064
0.7426615745346926	0.08298475351336133	-0.011621365323662758
0.7389135895297064	0.08342423116278373	-0.011750537902116776
0.7403721728284232	0.08376422266299623	-0.011811306700110435
0.7405799817448085	0.08396255103812018	-0.012197697535157204
0.7409082691384837	0.08428529970341028	-0.012283474206924438
0.7407619913645673	0.08436537016541686	-0.012445202097296715
0.7413979523797493	0.08468107655847132	-0.01250186562538147
0.7428033982907288	0.08502773455868799	-0.012669474817812443
0.7423918483900583	0.08517506420878007	-0.01272023655474186
0.7411753816366605	0.08658418302121379	-0.012765011750161648
0.7397074205940402	0.08702319561492251	-0.012785901315510273
0.7359498329117264	0.0873065218650996	-0.012997846119105816
0.7398644596825334	0.0873065218650996	-0.012958397157490253
0.7352343074753489	0.08808921063121378	-0.013015799224376678
0.736620515289614	0.08845753475644398	-0.01301711704581976
0.7379922834391475	0.08882585888167419	-0.01302025094628334
0.739349836374696	0.08919418300690439	-0.013185214251279831
0.739107351096	0.08944917663206377	-0.013240262866020203
0.7398419438656434	0.09005041160118954	-0.013301189057528973
0.7393471234523347	0.09102345501389564	-0.013371995650231838
0.738385970541409	0.09201997639715734	-0.013413666747510433
0.7364244252356444	0.09238830052238754	-0.013421406038105488
0.7304081402818786	0.09286186011196923	-0.013626500964164734
0.734060180983288	0.09286186011196923	-0.013604416511952877
0.7377489256113448	0.09286186011196923	-0.01357865147292614
0.7307526544388989	0.0931565194121534	-0.013681173324584961
0.7316311680086134	0.09368968790112299	-0.013695520348846912
0.7329467014987671	0.09418078673476325	-0.013702958822250366
0.7342494005158463	0.09434284934986455	-0.013736104592680931
0.7331122675036335	0.09501252957755582	-0.013763987459242344
0.733435396646128	0.09525807899437594	-0.013779561035335064
0.7347169572391755	0.09562640311960614	-0.013823279179632664
0.7330418300974348	0.09709969962052696	-0.013909443281590939
0.7343130594779235	0.09732069409566506	-0.013987169601023197
0.7355722392908243	0.09908790580762813	-0.01406925916671753
0.7349327475960561	0.09954831096416591	-0.014112547039985657
0.7342992605181403	0.09968643251112723	-0.014174974523484707
0.7317321356140957	0.100418695950573	-0.014242430217564106
0.7351514446590213	0.100418695950573	-0.014176988042891026
0.7306593016529191	0.10088523984253123	-0.014250238426029682
0.7319005030277905	0.10139522709284998	-0.01427716575562954
0.7331303172340851	0.10176355121808019	-0.014288601465523243
0.7343489002604134	0.10234234627201336	-0.014355042017996311
0.7355564052592297	0.10271067039724355	-0.014363431371748447
0.7367529826109979	0.10307899452247375	-0.014502698555588722
0.737938779986624	0.10344731864770396	-0.014659769833087921
0.73580971772093	0.1040611921897543	-0.014748390763998032
0.7367862165460395	0.10441277430929222	-0.014961933717131615
0.7364745741021311	0.10457647392050565	-0.015068594366312027
0.7372383631950018	0.10501412964577918	-0.015095722861588001
0.7378776344636426	0.10533912152098229	-0.015128846280276775
0.7382962998095622	0.10574651032616117	-0.01524187158793211
0.7391479899122861	0.10609027950970935	-0.015285925008356571
0.7397804568457779	0.10641610469741299	-0.015377326868474483
0.7385259959936318	0.10735533121675	-0.015404127538204193
0.7394571143494585	0.10772365534198021	-0.015422150492668152
0.7402451821980741	0.10801831464216435	-0.01553614716976881
0.7388947430615116	0.10907417713449091	-0.015882179141044617
0.7400058292612498	0.10944250125972112	-0.015887465327978134
0.7399775559734199	0.11017914951018153	-0.015888696536421776
0.7389649924461059	0.11128412188587214	-0.015912149101495743
0.7381519233410994	0.11145411763597837	-0.01593991182744503
0.7378528218487377	0.11178151685840522	-0.015993952751159668
0.7353339906465901	0.1122726156920455	-0.01607995107769966
0.7356023143368533	0.11281426881738404	-0.016141150146722794
0.7355678945555966	0.11299843087999914	-0.0161900632083416
0.7366560925203884	0.11331413727305362	-0.01626482419669628
0.7374942907911584	0.11366079527327028	-0.016383904963731766
0.7369958839527642	0.1140875835453624	-0.016451716423034668
0.7380650063757204	0.1144559076705926	-0.0165304746478796
0.7391254719369523	0.11488561915002785	-0.016535818576812744
0.7367027773832419	0.11514344603768899	-0.01676950231194496
0.7396733530984968	0.11514344603768899	-0.016618413850665092
0.7369559662737089	0.1154113181287655	-0.016780078411102295
0.7380039504718217	0.11573871735119236	-0.016802646219730377
0.7390436173350287	0.11597704472634131	-0.01683446578681469
0.7400750654878546	0.11633778570781678	-0.01691075600683689
0.740852329009556	0.11668308957522008	-0.016953900456428528
0.7377818114935166	0.11731742556867211	-0.01704348251223564
0.7406750734993736	0.11731742556867211	-0.01695452630519867
0.7388021157289503	0.1176243623396973	-0.017057638615369797
0.7369580839472596	0.11780852440231238	-0.017224326729774475
0.7398145106292257	0.11780852440231238	-0.017126381397247314
0.7376201332747351	0.11814336451615802	-0.01727254129946232
0.7377412468224595	0.11888001276661843	-0.017347920686006546
0.7387422344300073	0.11924833689184863	-0.017352843657135963
0.7372007557186131	0.11961666101707882	-0.017354298382997513
0.7352741294794193	0.12035330926753923	-0.017469553276896477
0.7359586296197486	0.12069093971566693	-0.017555713653564453
0.7360114167264412	0.12091193419080505	-0.017640281468629837
0.7370001380121098	0.12108706870133117	-0.017655719071626663
0.736737699686194	0.12146065459977895	-0.01765795238316059
0.7369728755237919	0.1217763609928334	-0.01768507808446884
0.7362376483494872	0.12254370292039632	-0.01768643967807293
0.7340410479939763	0.12286598652997274	-0.01794370636343956
0.7367496865474596	0.12286598652997274	-0.017706697806715965
0.7350152566093829	0.12323431065520295	-0.01795191876590252
0.7347658092008329	0.12388910910005664	-0.018005475401878357
0.7343509868225477	0.12520796794145111	-0.018173402175307274
0.7338642078847848	0.12547807229995325	-0.01826215535402298
0.7313353498509121	0.12640971567553552	-0.018336063250899315
0.7339755496698684	0.12640971567553552	-0.018322398886084557
0.7322983055862134	0.1267780398007657	-0.018428325653076172
0.7332543830662627	0.12700692645215578	-0.018499957397580147
0.7327801681799059	0.12755104163715494	-0.018555020913481712
0.7337277562360055	0.12840018707518566	-0.018615489825606346
0.7339619337758077	0.12877669618097654	-0.018892914056777954
0.7339619337758077	0.12877669618097654	-0.018861550837755203
0.7348986875301182	0.1292502557705582	-0.018989019095897675
0.7338456486570148	0.13043149728329145	-0.019115213304758072
0.7314241712194304	0.1309923544739829	-0.0191914401948452
0.7339815983915263	0.1309923544739829	-0.019168110564351082
0.732356726180474	0.1313459456342039	-0.019219394773244858
0.7331779726978321	0.13170310842230593	-0.0192489605396986
0.7311253970488145	0.13199776772249008	-0.01931946352124214
0.7302166041609034	0.13256048513603622	-0.01943414844572544
0.7285720267493935	0.1327906877143051	-0.01966971531510353
0.7294984020847197	0.1331590118395353	-0.019678082317113876
0.7304184755470167	0.13370623625416309	-0.019703079015016556
0.7309255315621116	0.1340991153210753	-0.019720230251550674
0.7318345669284557	0.1344674394463055	-0.019747646525502205
0.7327374808445216	0.1348357635715357	-0.01977316476404667
0.7336343349356473	0.1349409990358872	-0.019855711609125137
0.7335497162011915	0.13516462439763408	-0.01990608125925064
0.7344378838138542	0.13553294852286427	-0.020016169175505638
0.7344895851965324	0.13580919161678692	-0.02005627751350403
0.7350376329276698	0.13604597141157776	-0.02005661651492119
0.735390991443281	0.1362424109450339	-0.020079322159290314
0.7362614158135334	0.13646907194517555	-0.020147059112787247
0.7347172235533143	0.136995249266933	-0.02023349143564701
0.7371261324829973	0.136995249266933	-0.020163817331194878
0.7347315988341915	0.13771143506599173	-0.02027568593621254
0.7335149377990154	0.13860155170196473	-0.02034599520266056
0.7315824093154057	0.13897895514566652	-0.020501097664237022
0.7324482725111625	0.1393472792708967	-0.02071944624185562
0.7333085674548565	0.1400137705451228	-0.02073861099779606
0.7338580973821227	0.14056035410275608	-0.020872080698609352
0.7335466134811051	0.140794742182448	-0.02099798619747162
0.7339971019732036	0.1410812165020715	-0.02101360820233822
0.7345240953002727	0.1414127082147787	-0.02105811797082424
0.7343093566020651	0.1416582576315988	-0.021059662103652954
0.7342871590332029	0.1425483742675718	-0.021195949986577034
0.7349572258948991	0.14289731291252675	-0.021329941228032112
0.7351611217384889	0.14319197221271093	-0.021580293774604797
0.7333382648590752	0.14424499122153103	-0.021807070821523666
0.7334424469367599	0.14424499122153103	-0.021605001762509346
0.7341664068936743	0.14461331534676125	-0.02189590409398079
0.7334414334977187	0.14542187449786184	-0.021913228556513786
0.7323351327770468	0.14560603656047694	-0.021992048248648643
0.7318631704251821	0.14768297537774724	-0.022054916247725487
0.7314586821723441	0.1483582362740026	-0.022130703553557396
0.7306332380725462	0.14899815293601873	-0.022279968485236168
0.7284313402887106	0.14926954965987255	-0.022360121831297874
0.7306521675456883	0.14926954965987255	-0.022346222773194313
0.7283884747553682	0.1495764864308977	-0.022496448829770088
0.7267114357508178	0.14990797814360488	-0.022600142285227776
0.7289069385778595	0.14990797814360488	-0.0225818008184433
0.7253538822433279	0.15027630226883507	-0.022852182388305664
0.7275321221299444	0.15027630226883507	-0.022851519286632538
0.7237154246492741	0.1503413006438757	-0.02294100821018219
0.7245377001711513	0.15070962476910593	-0.022948265075683594
0.7244648880044712	0.15166332116479128	-0.022987868636846542
0.7238932463239846	0.15199287432947092	-0.023005463182926178
0.7225762272279612	0.1521268103750092	-0.023213818669319153
0.7247077205236189	0.1521268103750092	-0.0231338944286108
0.721274611864055	0.15249513450023938	-0.023359527811408043
0.7233897866789055	0.15249513450023938	-0.023232351988554
0.7212920990809898	0.1532317827506998	-0.02340828999876976
0.7209130787083972	0.15347119343209942	-0.023636359721422195
0.7217220263063439	0.1538395175573296	-0.02370796538889408
0.7218037545540134	0.1539721142424125	-0.0239116121083498
0.7217688083430648	0.15496669707764668	-0.023939723148941994
0.7204979269198953	0.15533502120287687	-0.02402845211327076
0.7225683232616192	0.15533502120287687	-0.02399606816470623
0.7212965042715528	0.15553146073633298	-0.02403130568563938
0.7210933803277593	0.15663643311202358	-0.024192946031689644
0.7215306150427371	0.15695871672160003	-0.024207856506109238
0.7223194801559305	0.1574286555202681	-0.024222835898399353
0.7231038884040775	0.1576332800342849	-0.024243434891104698
0.7235082905963666	0.15814748940127293	-0.024283569306135178
0.7221782111283993	0.15820887675547798	-0.02455696277320385
0.7220227166060974	0.1584544261722981	-0.024586861953139305
0.722400147166256	0.15858836221783634	-0.024602320045232773
0.7227754750491989	0.1594197223862131	-0.024680890142917633
0.7235455431740625	0.1597880465114433	-0.024713460355997086
0.7243113449935249	0.16011033012101972	-0.024835428223013878
0.7250729158637085	0.16028365912112807	-0.024845357984304428
0.7252793265638086	0.16057831842131223	-0.024921536445617676
0.7228272632827891	0.16078294293532902	-0.024954548105597496
0.724813052467632	0.16078294293532902	-0.024948446080088615
0.7235845658421259	0.1611512670605592	-0.025017300620675087
0.7243377414120384	0.16138959443570816	-0.025105884298682213
0.7250868236364623	0.16190524821103044	-0.02514524944126606
0.7254303602982926	0.16222068476956092	-0.02519368752837181
0.7242151022912937	0.16251227470203483	-0.025736967101693153
0.7261724404055945	0.16251227470203483	-0.02527266927063465
0.7242233217132868	0.16291129250436756	-0.025847673416137695
0.7249626693762539	0.16355855215133644	-0.02585591934621334
0.7256980633084029	0.16392687627656663	-0.025866350159049034
0.7244975416950602	0.16429520040179682	-0.02597283199429512
0.7264295351395804	0.16429520040179682	-0.025958672165870667
0.721385722090132	0.1645714434957195	-0.026274029165506363
0.7232992120691509	0.1645714434957195	-0.026115648448467255
0.7219952081858861	0.16492222837689113	-0.026395505294203758
0.7220689050064496	0.16514322285202926	-0.02640989050269127
0.7226109063806359	0.16569570903987457	-0.026489349082112312
0.7232232384035411	0.16615611419641232	-0.026496728882193565
0.7235336353350145	0.16642398628748883	-0.026600360870361328
0.7242535998263295	0.16713432567186137	-0.026636235415935516
0.7234113826839235	0.16965997681629702	-0.02683805674314499
0.7241279335059858	0.1709041388339397	-0.026857024058699608
0.7246254496123443	0.1711892669396552	-0.027106864377856255
0.7246908479380856	0.17131926368973643	-0.027158482000231743
0.7253985835474992	0.17160573800935994	-0.02727498859167099
0.7252479888888305	0.1717396740548982	-0.02736547775566578
0.7250981645353212	0.17236231721897782	-0.027557790279388428
0.725799444727833	0.17273064134420804	-0.027621030807495117
0.7242302428087408	0.17316386067245498	-0.027628740295767784
0.7260730678540557	0.17316386067245498	-0.02762305922806263
0.7249283940927692	0.17353218479768517	-0.027693303301930428
0.7253704941076865	0.17386367651039236	-0.027697155252099037
0.725952739057366	0.17418780174059492	-0.02783571556210518
0.725524605430477	0.17493672746189634	-0.02798163890838623
0.725524605430477	0.17493672746189634	-0.027974970638751984
0.7249593808554634	0.1757511330276831	-0.0280399601906538
0.7246469824033245	0.17597212750282126	-0.028107071295380592
0.725333648282618	0.17634045162805148	-0.028233209624886513
0.7252852619757986	0.17660044512821396	-0.02834993414580822
0.7252852619757986	0.17660044512821396	-0.028332268819212914
0.7250364151718884	0.1772143186702643	-0.02841704897582531
0.7257170181046313	0.17724780268164886	-0.0284657534211874
0.7263942600352371	0.17754246198183302	-0.028514714911580086
0.7237900060371699	0.18018211821264948	-0.028743641451001167
0.7255727400421875	0.18018211821264948	-0.028692159801721573
0.7244669913164905	0.18055044233787967	-0.028745247051119804
0.724054004920987	0.1812079764045785	-0.029021162539720535
0.7225582027883627	0.18151491317560367	-0.029094696044921875
0.7243205398683342	0.18151491317560367	-0.02905653975903988
0.7214804390944722	0.18188323730083386	-0.029269885271787643
0.7232316052087793	0.18188323730083386	-0.029171571135520935
0.719737732719848	0.18209370822953683	-0.02927875518798828
0.7204130634843784	0.18246203235476705	-0.029312515631318092
0.7187564061055564	0.1826922349330359	-0.029398469254374504
0.7204841859279255	0.1826922349330359	-0.029320580884814262
0.7194292376698971	0.1831965556583511	-0.029460355639457703
0.716547601844258	0.18356487978358133	-0.029755156487226486
0.7182577393188267	0.18356487978358133	-0.029505567625164986
0.7156839286248432	0.18400686873385758	-0.029811101034283638
0.7160788788915532	0.18443658021329282	-0.029856625944375992
0.7153710486026056	0.1848263747924568	-0.029979240149259567
0.7160423432992975	0.185194698917687	-0.030035600066184998
0.7151138403066605	0.1855630230429172	-0.03020010143518448
0.7138135412888308	0.18588530665249364	-0.03024964965879917
0.7154891599303539	0.18588530665249364	-0.030218183994293213
0.7130219208652588	0.18610630112763177	-0.03032687120139599
0.7128167415625426	0.18633650370590063	-0.030377771705389023
0.7127094158069708	0.18695914686998027	-0.030410345643758774
0.7123816180241903	0.18745024570362054	-0.030450081452727318
0.7126615988466651	0.18756534699275498	-0.030541567131876945
0.7124853910811155	0.1886703193684456	-0.030576571822166443
0.7127638425609593	0.18890052194671447	-0.030584335327148438
0.7134241555665662	0.18973008832876706	-0.030586667358875275
0.714081439613432	0.19009841245399725	-0.030588526278734207
0.7144496743053921	0.19042069606357367	-0.030667340382933617
0.7151016156882565	0.19073146954423667	-0.030750274658203125
0.7151431457967874	0.19102990652775648	-0.03075043484568596
0.7157905477381583	0.19119990227786277	-0.03082498162984848
0.7164350136163031	0.1920477054875444	-0.030835600569844246
0.7165737981506052	0.192262561227262	-0.030912449583411217
0.7172135864166308	0.19371812360363477	-0.030951857566833496
0.7161909384623971	0.19376892693125275	-0.03098803386092186
0.7156186857052648	0.19439544998871502	-0.030990319326519966
0.7159760429122036	0.19476377411394521	-0.031045224517583847
0.7144985921574908	0.19479210673896294	-0.031062046065926552
0.714689443514282	0.1950657189462768	-0.03106604516506195
0.71439689093036	0.1953010371373961	-0.031137030571699142
0.7147352682097741	0.1964950549059995	-0.03116775117814541
0.7142591367946748	0.19682245412842636	-0.031224766746163368
0.7144488289699077	0.19706800354524653	-0.03145647794008255
0.7143433495829247	0.19731355296206665	-0.03149694949388504
0.7138712276675439	0.19754617872536995	-0.03164543956518173
0.7143535619657105	0.19778056680506192	-0.031725913286209106
0.7149799795929787	0.19814889093029214	-0.03172875940799713
0.7143272152320895	0.1988785234831291	-0.031766802072525024
0.7149509549368229	0.19924684760835928	-0.03178359195590019
0.7155719768214923	0.1994187322001334	-0.03182089328765869
0.7148525059688703	0.19976250138368157	-0.03188686445355415
0.7152300252376774	0.20008990060610843	-0.031922172755002975
0.7133499819321152	0.20111945423234714	-0.032132841646671295
0.7148940295120548	0.20111945423234714	-0.03202254697680473
0.7132871813812178	0.20135886491374674	-0.03214387595653534
0.7132871813812178	0.20135886491374674	-0.03213687241077423
0.7134736605610432	0.20296051679164173	-0.03225751221179962
0.7122535225225439	0.20314467885425683	-0.0323418453335762
0.7137819635579999	0.20314467885425683	-0.032268889248371124
0.7120670833718545	0.20332884091687195	-0.03249535337090492
0.7118281343667974	0.20385063342761475	-0.032541193068027496
0.7094224470720932	0.20418212514032194	-0.032765306532382965
0.710928651842947	0.20418212514032194	-0.03275443613529205
0.7124412659958043	0.20418212514032194	-0.03270900994539261
0.7100367759366343	0.20456798850961072	-0.032774683088064194
0.7106485126962616	0.2049363126348409	-0.032930489629507065
0.7104682000379537	0.20553483933834	-0.033085860311985016
0.7110764601219076	0.20590316346357018	-0.03320026397705078
0.7107038330217219	0.20623056268599702	-0.033204492181539536
0.7104124621815688	0.20647611210281716	-0.03324207663536072
0.7099731877302503	0.20683026991553852	-0.0333586148917675
0.7103169935891457	0.2077773890947019	-0.03381406515836716
0.7094342436767239	0.20791610857043796	-0.03402428328990936
0.7083369774273148	0.20824350779286482	-0.03433475270867348
0.7098065562186578	0.20824350779286482	-0.0340806245803833
0.7089395869780848	0.20861183191809501	-0.03436284139752388
0.7091960689293328	0.20898936414645597	-0.03438377380371094
0.7094778750553092	0.2093576882716862	-0.03474979102611542
0.7091410715037677	0.20958928601709603	-0.034760940819978714
0.7091223397998665	0.20977344807971113	-0.0348978154361248
0.7097171816407666	0.210418015298864	-0.034971266984939575
0.7099694595013637	0.21058543535578683	-0.03504883497953415
0.7102207097535673	0.210892372126812	-0.035065531730651855
0.7105838564591269	0.21134585616008153	-0.03512875735759735
0.711170907460224	0.21165279293110673	-0.035150691866874695
0.7113507234370252	0.21186326385980972	-0.03517897054553032
0.7106712270260414	0.2123850563705525	-0.03519837185740471
0.7096222482452524	0.2127091107691926	-0.03537880256772041
0.7110529382618759	0.2127091107691926	-0.03522929549217224
0.709452324051989	0.21293931334746147	-0.03539837524294853
0.7095574391579064	0.21342409289463943	-0.035512953996658325
0.7084214813169565	0.21359071571319596	-0.0359775573015213
0.7091383242795906	0.21359071571319596	-0.0357835628092289
0.7067556849069906	0.21510322407653304	-0.03609113022685051
0.7081635647574029	0.21510322407653304	-0.03601989522576332
0.706014767542757	0.21528738613914813	-0.03611430525779724
0.7061018670129695	0.21583150132414727	-0.036202430725097656
0.7048475719624073	0.21597620008763058	-0.03627092018723488
0.7042493277005173	0.21630769180033776	-0.03681553155183792
0.7056329216645655	0.21630769180033776	-0.03676363825798035
0.7052503093056375	0.21630769180033776	-0.0364544652402401
0.7052324879940397	0.21630769180033776	-0.03639746829867363
0.7036539278420035	0.21663509102276463	-0.0368255153298378
0.703744447514187	0.21729807444817897	-0.036896251142024994
0.7035097279933666	0.21776685060756285	-0.03694453835487366
0.7040865573163367	0.21828250438288518	-0.03696012496948242
0.7046611465254312	0.21865082850811537	-0.03700454905629158
0.7050397101949556	0.2193097194432494	-0.037031762301921844
0.7052233858038628	0.21990573484589465	-0.037050023674964905
0.7051167769509595	0.22047998564113994	-0.037056922912597656
0.7056849527179135	0.22092197459141616	-0.037070706486701965
0.706250943193456	0.22129029871664635	-0.03718918189406395
0.706116802489368	0.2223236024295081	-0.03728688880801201
0.7066797971206145	0.22310059094130325	-0.03735342621803284
0.7072406388087202	0.22323564312055433	-0.037412431091070175
0.707799339879696	0.22360396724578452	-0.037465594708919525
0.7083559125656395	0.22397937452726913	-0.03752591088414192
0.7076429418826882	0.224306773749696	-0.037574999034404755
0.7062251024563649	0.22545011322176478	-0.03763686120510101
0.7075651880397736	0.22545011322176478	-0.037602223455905914
0.7048919555658526	0.22576581961481926	-0.03764659911394119
0.7062244545366765	0.22576581961481926	-0.03763933107256889
0.7046944189263689	0.22588859432322933	-0.037689656019210815
0.7050406491330653	0.2265024678652796	-0.03783309459686279
0.7048123052009833	0.22677871095920227	-0.03784746676683426
0.7039605967642774	0.22690148566761234	-0.037876058369874954
0.703782531447286	0.22718795998723582	-0.037983138114213943
0.7043351759781679	0.22766215865858483	-0.038125891238451004
0.7035556212476951	0.22793840175250749	-0.03815842792391777
0.7039376570987048	0.22843587849307811	-0.038269586861133575
0.7031823324427837	0.22880420261830833	-0.03835096210241318
0.7044869378833083	0.22880420261830833	-0.038317009806632996
0.7015100729134746	0.2292953014519486	-0.0384860634803772
0.7028067643606344	0.2292953014519486	-0.03843095153570175
0.7011790030378232	0.23010441347052493	-0.03850163146853447
0.7015240579750494	0.2306042819261945	-0.03854149952530861
0.7020068758335046	0.23074459587866317	-0.03864031657576561
0.7020717202539942	0.23074459587866317	-0.03855922073125839
0.701409057047703	0.23086737058707318	-0.03865988552570343
0.6945870734918462	0.2313361467464571	-0.03909715637564659
0.6958453834075923	0.2313361467464571	-0.038993727415800095
0.6971082606914536	0.2313361467464571	-0.03893851861357689
0.6980726999533169	0.2313361467464571	-0.03885672986507416
0.6993442349259094	0.2313361467464571	-0.03883380815386772
0.7006204105370881	0.2313361467464571	-0.038716282695531845
0.6951383603627995	0.23170447087168733	-0.0392286479473114
0.695523860450598	0.23242577228359645	-0.03930313512682915
0.6960714794066221	0.23297299669822416	-0.03936636075377464
0.696078532405892	0.23310869506015108	-0.03947730362415314
0.696523632606678	0.2338065479841984	-0.03949688374996185
0.6957248425662367	0.23399071004681343	-0.039603061974048615
0.6962681910616543	0.23449754922768576	-0.03982275351881981
0.696274843127498	0.23514211644683863	-0.039951141923666
0.696274843127498	0.23514211644683863	-0.039828650653362274
0.696815279349691	0.23551044057206882	-0.040031787008047104
0.696124119542129	0.23606292675991414	-0.04004526883363724
0.6966629065642175	0.23633079885099068	-0.04005955904722214
0.6947405278698742	0.23664245772618547	-0.04028576612472534
0.6959679846328951	0.23664245772618547	-0.04023118317127228
0.6971997863756082	0.23664245772618547	-0.04012058302760124
0.694345893551959	0.23701078185141564	-0.04046836122870445
0.6941800835457166	0.23723177632655376	-0.04051617905497551
0.6947166097149347	0.2373422735641228	-0.04051666334271431
0.6949593710522699	0.23771279009486032	-0.04054240882396698
0.6948370644595212	0.23804763020870595	-0.04068589583039284
0.6936244343295743	0.2380783238858085	-0.0407634973526001
0.6938414332561461	0.23847517142814403	-0.040888212621212006
0.6932724336620775	0.23915043232439942	-0.041050270199775696
0.693391587009721	0.2395187564496296	-0.041232023388147354
0.6939229707410733	0.23977658333729077	-0.04132707417011261
0.694137951445988	0.24003157696245012	-0.04144952446222305
0.6934685102341053	0.24030782005637277	-0.04151604324579239
0.6946662105972039	0.24030782005637277	-0.04149835556745529
0.6931355179617574	0.24303814068724586	-0.04156080260872841
0.6935553882058095	0.24338344455464914	-0.04157662391662598
0.6928980802116077	0.24413237027595053	-0.041602723300457
0.6931793212679969	0.24454852870315869	-0.04162747040390968
0.6923303967737185	0.2448164007942352	-0.04182107001543045
0.6935138675374344	0.2448164007942352	-0.0416564866900444
0.6921731047860291	0.24503739526937335	-0.04193926230072975
0.692696619913944	0.24520739101947958	-0.041992172598838806
0.6917044279820325	0.24539155308209468	-0.04201370105147362
0.6928787988275028	0.24539155308209468	-0.04200901836156845
0.6922260786961069	0.24549200511624836	-0.0420948788523674
0.6927459670766877	0.24586032924147858	-0.042368412017822266
0.6932641020394589	0.24604449130409367	-0.04237790405750275
0.6933596170191905	0.24632073439801633	-0.042552314698696136
0.6936648949737801	0.2468714897394085	-0.04267238825559616
0.6940390590202447	0.24728278501258222	-0.042724836617708206
0.6940729730156642	0.24741432934302154	-0.04275956749916077
0.6945845566728287	0.24788788893260327	-0.04278400167822838
0.6950944322042597	0.2481641320265259	-0.042923394590616226
0.6947692748172526	0.2485603594945766	-0.042988039553165436
0.6952771462401856	0.24868313420298668	-0.043032385408878326
0.6957833303826437	0.24927245280335503	-0.043303798884153366
0.6962878356390573	0.24964077692858522	-0.04336541146039963
0.6958827446913531	0.25098515998567544	-0.043367575854063034
0.6958688889150039	0.25127455751264205	-0.04337029159069061
0.6963707554349461	0.25159026390569655	-0.04353766515851021
0.6951267128781924	0.25182465198538845	-0.043669041246175766
0.6962718969191778	0.25182465198538845	-0.04365630820393562
0.6944331177383715	0.2529664567736021	-0.043693333864212036
0.6938957956874342	0.25333478089883227	-0.04372498393058777
0.6943967845651962	0.25359260778649345	-0.0437423512339592
0.6943514739150353	0.25386505071087007	-0.043749477714300156
0.694178364323196	0.25445622640766813	-0.0438881479203701
0.6946764451630606	0.2547373158716596	-0.04399179667234421
0.6944224371846841	0.2552069291313281	-0.04402707889676094
0.694918504656787	0.25568575049412734	-0.044119011610746384
0.6954129641306008	0.25594494154521524	-0.04421032965183258
0.6955012926676064	0.2562211846391379	-0.04431897774338722
0.6956204032921026	0.25652812141016307	-0.04437851905822754
0.695535301259143	0.25715143916055266	-0.04440759867429733
0.6960255825775662	0.25745279526301373	-0.04441193863749504
0.6961570169749942	0.25789929644616316	-0.04443436861038208
0.6966447264180521	0.25826762057139335	-0.044466253370046616
0.697130872689818	0.25845860345114235	-0.044605277478694916
0.6976154632935143	0.2594560210282343	-0.04460901767015457
0.6978988251732371	0.2597322641221569	-0.04467569291591644
0.6976718024146762	0.26008012579598544	-0.0447576567530632
0.6973570383980924	0.26015379062103144	-0.04479521885514259
0.6976792052686835	0.26048528233373863	-0.04481760784983635
0.6976299790169344	0.2612309925269627	-0.04489293321967125
0.6974158269107269	0.2616427993614215	-0.04497721046209335
0.6969056752858681	0.2623794476118819	-0.04506097733974457
0.6971870249299663	0.2627477717371121	-0.04511258751153946
0.6971914617991619	0.26294044128631544	-0.04520087316632271
0.6971914617991619	0.26294044128631544	-0.045164067298173904
0.6948050476485043	0.2631509122150184	-0.045321907848119736
0.6958975084152471	0.2631509122150184	-0.0452892892062664
0.6969934100033026	0.2631509122150184	-0.04523554444313049
0.6947821836496044	0.26347319582459483	-0.04533430561423302
0.6950874848778953	0.26347319582459483	-0.045323677361011505
0.6941430150590804	0.26389706088934384	-0.04564608260989189
0.6933156892444771	0.2640549140858711	-0.04574071615934372
0.6943973049843281	0.2640549140858711	-0.04569870978593826
0.6937926477370985	0.26422233414279395	-0.04580538719892502
0.6938244692690062	0.26448542280367265	-0.04621557146310806
0.6941699610479173	0.2648380065816708	-0.046222079545259476
0.6943619298670101	0.2650590010568089	-0.04630177095532417
0.6939756586376089	0.26567375156106215	-0.04630330577492714
0.6943666968512124	0.26590637732436545	-0.04634907469153404
0.6940672104153862	0.26624187256017295	-0.046405427157878876
0.6939224916301318	0.26661019668540314	-0.04655721038579941
0.6942390469425279	0.26694168839811033	-0.046560779213905334
0.6944012569932295	0.2676783366485707	-0.04656791687011719
0.694869248942704	0.26813874180510844	-0.04664608836174011
0.6953358097241371	0.26850706593033863	-0.04673304036259651
0.6956737194293929	0.2687602887664344	-0.04681404307484627
0.6956525981830344	0.26929152548551644	-0.046937014907598495
0.6960357272893808	0.2695928815879775	-0.04706110432744026
0.6963807746993923	0.2701878667133493	-0.047126829624176025
0.6968415019001519	0.2705890769211894	-0.047247640788555145
0.6973008329578791	0.27095740104641963	-0.04729261249303818
0.6974225832526142	0.2712438753660431	-0.04735464230179787
0.6973303491938695	0.27184240206954213	-0.04736373946070671
0.6974097905978003	0.27194285410369584	-0.04744306579232216
0.6978654987444903	0.2722585604967503	-0.04746905341744423
0.6974739716787092	0.2727005494470265	-0.047479331493377686
0.6974662145024765	0.2730019055494876	-0.04753611236810684
0.6979197883937771	0.2732781486434102	-0.047568004578351974
0.696995929202432	0.27356462296303374	-0.047974880784749985
0.6980393362820764	0.27356462296303374	-0.04767276346683502
0.6972690696066076	0.27387628183822854	-0.04799823835492134
0.6977202334372982	0.27424460596345873	-0.04805338382720947
0.6981700545184927	0.2742833769240092	-0.04807966202497482
0.6985042400586984	0.2744938478527122	-0.04808061942458153
0.6986818032309878	0.27575667342493004	-0.04823308065533638
0.6991282005595345	0.2760329165188527	-0.0482390820980072
0.6994808215646239	0.2766592644965169	-0.048416491597890854
0.6998016278350848	0.2769410415243408	-0.048490479588508606
0.7002443982955051	0.27728425264103257	-0.04858526587486267
0.7001949465552565	0.27786783112516356	-0.0486210361123085
0.6991652481044399	0.2780628262502854	-0.04863925650715828
0.6996070025125097	0.2783851098598618	-0.04868163913488388
0.699022501773088	0.278753433985092	-0.04876268655061722
0.7000474614531073	0.278753433985092	-0.048732612282037735
0.6993929088646201	0.2791042188662637	-0.04883555322885513
0.6992843060779564	0.2800250291793392	-0.04888748377561569
0.6990600644443946	0.28030127227326185	-0.04895227774977684
0.6989382661197079	0.2810846918412118	-0.04902160167694092
0.6991115852360772	0.2815977147299253	-0.04919232055544853
0.6994515297180761	0.2819414839134735	-0.049274977296590805
0.6998871072112383	0.28263479991390683	-0.04948055371642113
0.6995495957198568	0.2827308844683147	-0.04952285438776016
0.6999837726046547	0.28309920859354487	-0.049791283905506134
0.7004166964537101	0.283344758010365	-0.04993334040045738
0.7008483726836039	0.2836879691270568	-0.050220638513565063
0.7009590624751063	0.28397444344668027	-0.050231508910655975
0.7009782099633398	0.2841279118321929	-0.050452299416065216
0.7012380622748107	0.2847008604714399	-0.05048416927456856
0.7008094224789352	0.2847008604714399	-0.05048283189535141
0.7015632888360361	0.2849639491323186	-0.050557058304548264
0.7017217698519846	0.2852632124840681	-0.05060349404811859
0.701272946748335	0.2858081542176677	-0.050626009702682495
0.7015402059251734	0.2861355534400945	-0.05079779028892517
0.7015583360935383	0.28628439131397526	-0.05082687363028526
0.7014140770934054	0.2867095256661233	-0.05086850747466087
0.7008434989713278	0.2870778497913535	-0.05109332129359245
0.7018376032251878	0.2870778497913535	-0.050942786037921906
0.6998909364421331	0.28719571351142714	-0.05114573612809181
0.7008808811895759	0.28719571351142714	-0.05109770968556404
0.7001859998732315	0.2875305536252728	-0.05153370648622513
0.7006082731128467	0.2875780793188509	-0.051689885556697845
0.7010293585233771	0.287700854027261	-0.05185181275010109
0.6997641990324279	0.28782976747109157	-0.05196789279580116
0.7007470139187094	0.28782976747109157	-0.05196303501725197
0.6982064170571124	0.28812210176230485	-0.05209927260875702
0.6991842971930468	0.28812210176230485	-0.051988352090120316
0.6986279164746304	0.2885017279137867	-0.052208900451660156
0.6987263862832164	0.2886858899764018	-0.05225124582648277
0.6978954366690767	0.2888262039288705	-0.05242210999131203
0.6988674358844933	0.2888262039288705	-0.05241210013628006
0.6983150263403697	0.2890564065071394	-0.052423253655433655
0.6983867114633373	0.289332649601062	-0.05250922963023186
0.6979734334696207	0.289394036955267	-0.052515607327222824
0.6964656999877806	0.2895781990178821	-0.0526333749294281
0.6974289997111385	0.2895781990178821	-0.052549466490745544
0.6963705653271581	0.2898483033763843	-0.052773505449295044
0.6964533335050388	0.2898483033763843	-0.05269765853881836
0.6967882124174921	0.2901797950890915	-0.052789635956287384
0.6970520869730846	0.29044766718016796	-0.05287298187613487
0.6972390296978587	0.29086928669018525	-0.05290520563721657
0.6976537707530671	0.2912376108154155	-0.052945416420698166
0.6980673770858263	0.2917050991282077	-0.05315561592578888
0.6973320538975197	0.29202080552126214	-0.05372088402509689
0.6982846933154125	0.29202080552126214	-0.053487978875637054
0.6975930305119493	0.29247507194237937	-0.05377314239740372
0.6966678941712724	0.29259146874385905	-0.05391407012939453
0.6976157416463353	0.29259146874385905	-0.053833913058042526
0.6976157416463353	0.29259146874385905	-0.0538327693939209
0.6970794709770102	0.2929137523534355	-0.053946204483509064
0.6956914630076969	0.2935276258954858	-0.05404489487409592
0.696634134366786	0.2935276258954858	-0.0540207102894783
0.6959337718414703	0.2940340715676773	-0.05414234474301338
0.6963441176284589	0.29440239569290755	-0.054142896085977554
0.6963041210638204	0.29464794510972764	-0.05422021076083183
0.696309095328876	0.2950009223964066	-0.05427880212664604
0.6963219218018769	0.295737570646867	-0.054338984191417694
0.6963812605233264	0.295737570646867	-0.054296113550662994
0.6963938763302927	0.2965280324870526	-0.05439559742808342
0.6966329742200781	0.29685031609662904	-0.054472487419843674
0.6965243534194958	0.2980356766742548	-0.05459829419851303
0.6966214247356658	0.2983190029244318	-0.054761309176683426
0.6963592628360182	0.29850316498704693	-0.054806482046842575
0.6961643770000181	0.2989810626529804	-0.05480669438838959
0.6965684137327309	0.2993106158176601	-0.05485224723815918
0.6964180351399031	0.29952547155737774	-0.05496567115187645
0.6963785770915302	0.2997359424860807	-0.05517768859863281
0.6963833736781638	0.30063638335889725	-0.05534042418003082
0.6953634567796382	0.3008502489799987	-0.055421069264411926
0.6962832497118864	0.3008502489799987	-0.05541842430830002
0.6950549805326182	0.30120936500209805	-0.055536508560180664
0.6953180659892355	0.3017133874892552	-0.055653974413871765
0.6952341987278924	0.3022044863228955	-0.05588524043560028
0.6946238636845827	0.302308844825044	-0.05588536337018013
0.694878804662541	0.3026035041252282	-0.0559021458029747
0.6952787013798903	0.3032122620544281	-0.05606335029006004
0.6950958176811671	0.30365592520527357	-0.05613943561911583
0.6954943852397539	0.3036968501080769	-0.056267786771059036
0.6958919121519735	0.3040540128961789	-0.05657384544610977
0.6962159702123288	0.3046597014576686	-0.05659535899758339
0.6966115223344481	0.30502802558289877	-0.05664866417646408
0.697006045712427	0.30518310942510096	-0.05667567253112793
0.6973995443543588	0.30555143355033115	-0.056688904762268066
0.6968881465710574	0.3060333242808407	-0.056794747710227966
0.6977920222475439	0.3060333242808407	-0.056710682809352875
0.697280270572906	0.3063279835810248	-0.05702191963791847
0.6975421823680313	0.306659475293732	-0.057038821280002594
0.6976743860036855	0.3069541345939162	-0.05706419050693512
0.697946829976736	0.3075191772860307	-0.05739964172244072
0.6977299251308275	0.30785066899873786	-0.057445745915174484
0.6981184470779601	0.3084768200116292	-0.057454951107501984
0.6976104510598115	0.30884514413685943	-0.05755000188946724
0.6985059715361399	0.30884514413685943	-0.057468898594379425
0.6972992282729812	0.30923393071349126	-0.05765671283006668
0.6971382683537429	0.3097138682100034	-0.05768778175115585
0.6975250649458838	0.309879614066357	-0.05776730179786682
0.697224061625211	0.3101006085414951	-0.058096546679735184
0.6976097634575357	0.3110674593702244	-0.058595992624759674
0.6979944838602614	0.31166087046087304	-0.05863824114203453
0.6963779755904738	0.3117959226401241	-0.058822304010391235
0.6972628268936383	0.3117959226401241	-0.05868537724018097
0.6967627943793325	0.3123342711342737	-0.05885874480009079
0.6969778625721013	0.3126534853761399	-0.0588754303753376
0.6973609499771934	0.31294814467632404	-0.058891598135232925
0.6964428475392519	0.3132012494598156	-0.0590568408370018
0.6973221945689732	0.3132012494598156	-0.05899112671613693
0.6957183755917364	0.3136011442243512	-0.05918491259217262
0.6961011197733821	0.3138313468026201	-0.05920158699154854
0.6959118652830318	0.3147823785823811	-0.059352435171604156
0.69582289180087	0.3150432748377526	-0.059634651988744736
0.6957135559566168	0.3153747665504597	-0.059869132936000824
0.6965842863145099	0.3153747665504597	-0.059726737439632416
0.6962040661219215	0.3153747665504597	-0.05965434014797211
0.6957813292949981	0.31557567061876707	-0.05987245962023735
0.6955372129243061	0.3159746884210999	-0.06009373813867569
0.6956050370676133	0.31625093151502254	-0.060159098356962204
0.6955172198573302	0.3164831358548415	-0.060524605214595795
0.6955132328665852	0.3167381294800009	-0.06053205952048302
0.6950286895385391	0.3176538803957518	-0.060822512954473495
0.6958910080119121	0.3176538803957518	-0.06075176224112511
0.6948757190953339	0.31786435132445473	-0.06112043559551239
0.6942051446000131	0.3178883724630568	-0.06113095209002495
0.6945826691128528	0.3183590088452954	-0.061252251267433167
0.6943156563936991	0.3187273329705256	-0.06135522201657295
0.6949244195173366	0.3187273329705256	-0.061298124492168427
0.6949592626157963	0.3187273329705256	-0.0612623356282711
0.6942612145553777	0.31953457667832175	-0.06137532368302345
0.6934093603043895	0.3195608855444096	-0.06160935014486313
0.6932948880491144	0.3196458834194627	-0.06166194751858711
0.6927960133828539	0.31977981946500095	-0.061670932918787
0.6930187566427771	0.32023550251736904	-0.06201784685254097
0.6920253311039272	0.3208186823823169	-0.06211843341588974
0.6928702948781688	0.3208186823823169	-0.062108833342790604
0.6921974480372153	0.3211256191533421	-0.06222563982009888
0.6921663886924821	0.32174256206310264	-0.06233692914247513
0.6920288200165752	0.32211088618833283	-0.06247510761022568
0.6914745303292336	0.32229504825094796	-0.06258512288331985
0.6915179220831044	0.32245013209315015	-0.06266853213310242
0.691528190942568	0.3227079589808113	-0.06275325268507004
0.6915557091086418	0.32328602323290867	-0.06286723166704178
0.6907204968995735	0.3233864752670624	-0.0634259581565857
0.6909427882181506	0.32357063732967745	-0.06345990300178528
0.6896533310490949	0.32393896145490764	-0.0636814683675766
0.6904832387880228	0.32393896145490764	-0.06364788115024567
0.6913151463046349	0.32393896145490764	-0.06347771733999252
0.689198526897898	0.32406895820498893	-0.06428701430559158
0.6900258960778475	0.32406895820498893	-0.06398649513721466
0.6895707442309544	0.3244372823302192	-0.06436356157064438
0.6891177675422305	0.32468283174703927	-0.06449175626039505
0.6899420710919222	0.32468283174703927	-0.06441675871610641
0.6894887487265476	0.3247564965720853	-0.06488543003797531
0.6891966816177488	0.32534581517245365	-0.06491611152887344
0.6887482331872515	0.3254685898808637	-0.06494315713644028
0.6891183304129503	0.32582375957304993	-0.06498078256845474
0.6887452682628162	0.3259158406043575	-0.06509394198656082
0.6890156376559405	0.32622277737538274	-0.06524340063333511
0.6888962296659663	0.3273950609039992	-0.06529657542705536
0.6892643998083735	0.3277633850292294	-0.06530705839395523
0.6893589227036717	0.3280467112794065	-0.06552326679229736
0.6895289042982758	0.32823087334202156	-0.06553974002599716
0.6901363000974617	0.3285746425255698	-0.06571634113788605
0.6898950258733958	0.3285746425255698	-0.06557377427816391
0.6899126103326412	0.3288338420497225	-0.06579594314098358
0.6893956742452938	0.3288864597818982	-0.06592950969934464
0.6880723549621863	0.32916270287582083	-0.06602965295314789
0.6888799516229401	0.32916270287582083	-0.06594619154930115
0.6884376098158607	0.3295310270010511	-0.06623471528291702
0.6881002558862515	0.3300045865906327	-0.06655675172805786
0.6884646247461974	0.33037291071586294	-0.06667142361402512
0.6880253132666025	0.33074123484109313	-0.06675848364830017
0.6888281432704142	0.33074123484109313	-0.06674099713563919
0.6883884968367228	0.33104049819284265	-0.0668109580874443
0.6882340399282563	0.33113742559421905	-0.06688539683818817
0.6882387712318329	0.33170832798832584	-0.06692534685134888
0.6884148283417728	0.3323669075383298	-0.06716915965080261
0.687613185829773	0.33360804822698437	-0.06738074123859406
0.6884099566128897	0.33360804822698437	-0.06729455292224884
0.687781648428043	0.3339386629774886	-0.06743751466274261
0.6872039559933687	0.3340236608525417	-0.06745389848947525
0.6875647357442415	0.3342855802304832	-0.06755661219358444
0.68757906208555	0.33481146523150634	-0.06790235638618469
0.686923002132379	0.33528502482108796	-0.06806308776140213
0.6876508928541513	0.33528502482108796	-0.06804914027452469
0.6872824475949135	0.3356533489463182	-0.06814782321453094
0.6872588056443077	0.3362754074689292	-0.06814904510974884
0.6876170429803394	0.3366437315941594	-0.0683194100856781
0.6876624156168295	0.3373599173932182	-0.06843600422143936
0.6866422126338406	0.3376822010027946	-0.06860248744487762
0.6872339626131381	0.3376822010027946	-0.06855867803096771
0.6880193728561245	0.3376822010027946	-0.06845128536224365
0.6862175432080526	0.3378238641278831	-0.0686739832162857
0.6869991121638704	0.3378238641278831	-0.06862276792526245
0.6864320687271344	0.3381963737545364	-0.06875357031822205
0.6857258735599527	0.3382656312823574	-0.068848617374897
0.6865042230191581	0.3382656312823574	-0.06882520020008087
0.6855670158837291	0.3388970440684664	-0.06900335848331451
0.684519909005398	0.33905489726499355	-0.06910507380962372
0.6851685614917039	0.33905489726499355	-0.06904974579811096
0.6831082426461457	0.3393822964874204	-0.06974346190690994
0.6838783759523984	0.3393822964874204	-0.0693289041519165
0.6846502477085523	0.3393822964874204	-0.06919021904468536
0.6831433129179563	0.33954971654434324	-0.06976848095655441
0.6829999558872122	0.33970318492985585	-0.06981147080659866
0.6829816244739455	0.33989139451033057	-0.0698532983660698
0.6833370262402303	0.3401676376042532	-0.06989097595214844
0.6832650336229934	0.3411936833816802	-0.07004564255475998
0.6832650336229934	0.3411936833816802	-0.07002519816160202
0.6834190634980634	0.34131645809009037	-0.07024485617876053
0.6836486387219638	0.3414838781470132	-0.07025428116321564
0.6840017094376759	0.34174170503467427	-0.07040184736251831
0.6828315146342131	0.34211002915990446	-0.07056701928377151
0.6835919060758994	0.34211002915990446	-0.07049600780010223
0.6843539929277119	0.34211002915990446	-0.07046892493963242
0.6829370104821505	0.34247835328513465	-0.07058057934045792
0.6822146287674291	0.3425066859101524	-0.0707777887582779
0.6829718037161167	0.3425066859101524	-0.0706159919500351
0.6825665505517399	0.34287501003538257	-0.07079548388719559
0.6812577261701168	0.3439069921723371	-0.07143526524305344
0.681734254044338	0.3439069921723371	-0.07097967714071274
0.6822908500902151	0.3439069921723371	-0.07085155695676804
0.6812416390041813	0.34410265061221823	-0.07218656688928604
0.6814925743236601	0.3443370386919101	-0.07264085859060287
0.6817905813402249	0.3458760842800979	-0.07283255457878113
0.6817580355508878	0.3462444084053281	-0.07285851240158081
0.6818878291452336	0.3464144041554344	-0.07307013124227524
0.6822366363501182	0.3468110609056822	-0.07314815372228622
0.6825846794647402	0.34714321034004164	-0.07315784692764282
0.6821215225498546	0.34807220563367786	-0.07334493100643158
0.6819224826344995	0.3482563676962929	-0.073514923453331
0.68195781367342	0.34834406391658584	-0.07360070198774338
0.6823046426661425	0.34864542001904686	-0.07395054399967194
0.6818881888070292	0.34873750105035445	-0.07402098923921585
0.681492779700927	0.3488953542468816	-0.0749610885977745
0.6822343387648018	0.3488953542468816	-0.07449712604284286
0.681295719136648	0.3490841203610621	-0.0749690905213356
0.681641385384873	0.3492928373653592	-0.07507283240556717
0.6813225484593004	0.3496611614905894	-0.07554931938648224
0.6820599105247325	0.3496611614905894	-0.07543626427650452
0.6819863026271428	0.3496611614905894	-0.07532984018325806
0.6814507098540526	0.3498453235532046	-0.07555973529815674
0.6817943444712543	0.3503369779285118	-0.07576299458742142
0.6819217212552292	0.35063163722869606	-0.07597112655639648
0.6815106106833723	0.3509078803226187	-0.07597295939922333
0.68175532068166	0.3511912065727958	-0.07600338757038116
0.681676846279396	0.3515134901823722	-0.07614682614803314
0.6815294215838484	0.3516976522449873	-0.07631555944681168
0.6820183947275941	0.3516976522449873	-0.07622159272432327
0.6813945459242894	0.3518818143076024	-0.07643144577741623
0.681735300420627	0.35190636924928437	-0.0764869973063469
0.6820753268090665	0.3522746933745146	-0.07663065195083618
0.6820144139736246	0.35357386228418075	-0.07667548954486847
0.6822564997893147	0.3545102984692357	-0.07673287391662598
0.6825948847735646	0.35473695946937744	-0.07674718648195267
0.6829325497897629	0.3550234337890009	-0.0768132284283638
0.6825256076539609	0.3556291223504906	-0.07689862698316574
0.6823318437392539	0.3561816085383359	-0.0769309401512146
0.6822608498597685	0.35642715795515606	-0.07695034146308899
0.6816137817682101	0.356451712896838	-0.07710409164428711
0.681373497824059	0.35730412015808505	-0.07726392149925232
0.6815341318996502	0.35799604333619606	-0.07727798819541931
0.6816441426217353	0.358234370711345	-0.07731793075799942
0.6817162479565224	0.3583405347239113	-0.07732075452804565
0.6820516365255883	0.3585477170443533	-0.07750756293535233
0.6820192811736242	0.35891604116958353	-0.07757426798343658
0.682386319013456	0.35891604116958353	-0.0775313526391983
0.6820531744857167	0.35917912983046224	-0.07823245972394943
0.6809016237506083	0.35972158154694717	-0.07881239801645279
0.6810163753777801	0.35972158154694717	-0.07868429273366928
0.6817309780801702	0.35972158154694717	-0.07864950597286224
0.6817309780801702	0.35972158154694717	-0.0785999670624733
0.6810859765052026	0.35987943474347434	-0.07897473871707916
0.6812699439875826	0.36019514113652873	-0.07944636046886444
0.6812699439875826	0.36019514113652873	-0.07897567749023438
0.6814286740390916	0.36036256119345156	-0.07947033643722534
0.6815907073147239	0.3606081106102717	-0.07990261912345886
0.6816930587459545	0.3606081106102717	-0.07977405935525894
0.6814132809135729	0.3606081106102717	-0.07966352999210358
0.6819216941054572	0.3607308853186818	-0.0799049511551857
0.6822519934885253	0.3618227032613285	-0.08004841208457947
0.6820450501557462	0.3636336302103769	-0.08015773445367813
0.6823745371504035	0.3640510642189712	-0.08023425191640854
0.6827033419773699	0.36429661363579136	-0.08025497943162918
0.6825488745434051	0.36556528562269536	-0.08031494915485382
0.6827735141358189	0.36597044216044855	-0.08067422360181808
0.6829534618582204	0.36617506667446537	-0.08072329312562943
0.682576626715361	0.36640746165824156	-0.0809236392378807
0.6832803139593975	0.36640746165824156	-0.08080858737230301
0.6824745245616758	0.3668371731376768	-0.08096319437026978
0.6821468388875491	0.36713183243786096	-0.08123882859945297
0.6824731768353032	0.36738322826936726	-0.08192384988069534
0.6827418653149023	0.3678047547682418	-0.0819636806845665
0.681983949521013	0.3679705006245954	-0.08207352459430695
0.6826827035676534	0.3679705006245954	-0.08201061934232712
0.681797871863016	0.36829278423417183	-0.08209681510925293
0.6810275241811541	0.3692123721150856	-0.08277419954538345
0.6817224502262369	0.3692123721150856	-0.0825309008359909
0.6817256688387545	0.3692123721150856	-0.08223490417003632
0.6813523434029656	0.3695397713375124	-0.08301717042922974
0.6813374037521656	0.3698344306376966	-0.08303812146186829
0.6816612478540435	0.37012908993788074	-0.08365187048912048
0.6814306734445931	0.37028255832339335	-0.08369240164756775
0.6807253090269412	0.37059507576298256	-0.08383119851350784
0.6814156998068873	0.37059507576298256	-0.08373171091079712
0.6804861583542868	0.3708897350631668	-0.08389032632112503
0.6787503270706001	0.3712054414562213	-0.0847240537405014
0.6794352416286936	0.3712054414562213	-0.08447077125310898
0.680121539852561	0.3712054414562213	-0.08409126847982407
0.6808092259393684	0.3712054414562213	-0.08394996076822281
0.6778876503561724	0.3714786284697398	-0.08492221683263779
0.6785703166707304	0.3714786284697398	-0.08478052169084549
0.6777088687980255	0.3715905873109804	-0.0849839597940445
0.6773523815988318	0.37174844050750755	-0.08533844351768494
0.6780324542711198	0.37174844050750755	-0.08505519479513168
0.6773416744696411	0.3717964827847115	-0.08534658700227737
0.6757158207544929	0.37190698002228056	-0.08592822402715683
0.6761869911207019	0.37190698002228056	-0.08586154878139496
0.6768638549756776	0.37190698002228056	-0.08552654832601547
0.6759840129937045	0.37227530414751075	-0.08608134835958481
0.6763070598401714	0.37264362827274095	-0.08618658781051636
0.6766294631670239	0.37309836690427517	-0.08679518848657608
0.6765247856628066	0.3733088378329781	-0.08681117743253708
0.6764640101456314	0.37377538172493635	-0.0868898555636406
0.6753698355223265	0.3738244916083004	-0.08695856481790543
0.6760405106320806	0.3738244916083004	-0.08689294755458832
0.6754438000064471	0.3750474491296005	-0.08699590712785721
0.675765142778718	0.375395310803429	-0.08703754842281342
0.6750967301745847	0.3755794728660441	-0.08725328743457794
0.6750060548812634	0.37622404008519694	-0.08728747814893723
0.6753268781242237	0.3767673181699115	-0.08730655908584595
0.6755237944179868	0.3770251450575727	-0.08731772005558014
0.6754740172806292	0.37716156140025053	-0.08751547336578369
0.6756840712881176	0.37740711081707073	-0.08758346736431122
0.675576309523963	0.37763731339533957	-0.08773428946733475
0.6760029660066151	0.37763731339533957	-0.08768424391746521
0.6751750243003541	0.3779688051080467	-0.08781308680772781
0.6746162871764271	0.3779898522009171	-0.08808308094739914
0.6749349783740995	0.3782529408617958	-0.08816047012805939
0.675253045909937	0.378621264987026	-0.0882650762796402
0.6753927612298509	0.3788422594621641	-0.0883539691567421
0.6757097604864624	0.3791491962331893	-0.08835506439208984
0.676026141207939	0.3795175203584195	-0.08845598995685577
0.6762026682215208	0.3796753735549468	-0.08861035853624344
0.6762745254092312	0.3801060543083958	-0.08901198208332062
0.6764504673661703	0.38066731011827026	-0.08923176676034927
0.6766765513717339	0.3812093325525579	-0.08942637592554092
0.6760913398268809	0.38148557564648067	-0.08969585597515106
0.676747739185936	0.38148557564648067	-0.08952639997005463
0.6755720004740747	0.38189073218423386	-0.09000366181135178
0.6758834397510199	0.38189073218423386	-0.08972355723381042
0.6749930363313755	0.3819725819898405	-0.09001775085926056
0.6751862797745336	0.3822759077400301	-0.09007644653320312
0.675499806531508	0.3823986824484402	-0.09017547965049744
0.6749861684758914	0.3824154244541325	-0.09023598581552505
0.6752992839205196	0.38268329654520894	-0.09071864187717438
0.6755012142020245	0.38301069576763586	-0.09100650250911713
0.6754513859892518	0.38301069576763586	-0.09083347022533417
0.6751643596642086	0.3833513955834738	-0.0911237969994545
0.6758129325361243	0.3833513955834738	-0.09106797724962234
0.674828795756806	0.3835355576460889	-0.09129364788532257
0.6754758032311653	0.3835355576460889	-0.09114554524421692
0.674820985106959	0.3841207306069524	-0.09138507395982742
0.6751318637062831	0.3842844302181659	-0.0914958268404007
0.6748343512897884	0.3844183662637041	-0.09153979271650314
0.6748265576975908	0.3844551986762272	-0.09158454090356827
0.6736152478522409	0.3844719406819194	-0.09208720922470093
0.6741832530668018	0.3844719406819194	-0.09196197986602783
0.6734500573214586	0.384637686538273	-0.09215500950813293
0.6723725100848846	0.38482184860088814	-0.09283655136823654
0.6730110404838257	0.38482184860088814	-0.09250606596469879
0.673285180841115	0.38482184860088814	-0.092333123087883
0.6726830574686904	0.38519017272611833	-0.0930233895778656
0.6729201728717286	0.3854451663512778	-0.09311588853597641
0.6730403997658896	0.38556794105968784	-0.09329605102539062
0.6733494353048632	0.38566616082641597	-0.09340941160917282
0.6723251987614314	0.3858449063577777	-0.09431085735559464
0.6729594678168667	0.3858449063577777	-0.09430701285600662
0.6735949347364293	0.3858449063577777	-0.09395285695791245
0.6726337437720138	0.3860123264147005	-0.09444022178649902
0.6729417082651727	0.38617974647162334	-0.09449433535337448
0.6732490938777055	0.38670592379338076	-0.09450124204158783
0.6728458748147705	0.3867795886184267	-0.0947030782699585
0.672851676888149	0.3867795886184267	-0.094550222158432
0.6726318153673757	0.386913524663965	-0.09471737593412399
0.6725370557756728	0.3869365449217919	-0.0950755625963211
0.6727097459546878	0.38725225131484636	-0.09518640488386154
0.6730156246967863	0.38747228910394493	-0.09548088908195496
0.6731054614330458	0.3876257574894575	-0.09629040956497192
0.6732771381081484	0.3877309929538089	-0.09641057252883911
0.6735816328536207	0.38797654237062906	-0.09682086110115051
0.6735569375004324	0.38814535759469293	-0.09684797376394272
0.672896388951513	0.38850549673936247	-0.09734328091144562
0.6735223390807703	0.38850549673936247	-0.09686322510242462
0.6722509411055918	0.3887400279131201	-0.09769509732723236
0.6725501527500726	0.3887400279131201	-0.09742703288793564
0.6724222959860712	0.3888781494600814	-0.09773997962474823
0.6713632353089461	0.38898864669765054	-0.09953755140304565
0.6719848679342323	0.38898864669765054	-0.09783115983009338
0.671153513690772	0.3894972847753494	-0.10014283657073975
0.670594966714648	0.3896717540978269	-0.10100436210632324
0.671214167976619	0.3896717540978269	-0.10090535134077072
0.6707923567902708	0.3901762652945708	-0.10165181756019592
0.6707961592696474	0.3901762652945708	-0.10121451318264008
0.670980220307483	0.3905138957426984	-0.10169655829668045
0.6712826281932297	0.39080855504288253	-0.10176580399274826
0.6715844806925931	0.3910522156180349	-0.10198193788528442
0.6712741585390526	0.39146741735920354	-0.10205677896738052
0.6717142030500405	0.39176877346166455	-0.10317002981901169
0.6714838064230682	0.39176877346166455	-0.10255900025367737
0.670102200667255	0.39183016081586963	-0.1037023589015007
0.6707147255307534	0.39183016081586963	-0.10354089736938477
0.6713283712082747	0.39183016081586963	-0.10325302183628082
0.6701751001192009	0.3919529355242797	-0.10377159714698792
0.6701952756818157	0.3922034500947487	-0.10404938459396362
0.6700908679221379	0.3925717742199789	-0.1042880266904831
0.6695711320085609	0.39260525823136355	-0.10438316315412521
0.6692631008877461	0.39280988274538026	-0.10528605431318283
0.6698715218885531	0.39280988274538026	-0.10443165898323059
0.6688428595443413	0.3930554321622004	-0.10563129186630249
0.6694497949885738	0.3930554321622004	-0.10540055483579636
0.6691428207222901	0.3931420966622546	-0.10594695061445236
0.6690163672779313	0.3937299270843391	-0.10599090158939362
0.668333109965807	0.393897347141262	-0.10690420120954514
0.6685604509263302	0.393897347141262	-0.10670487582683563
0.6691649359633342	0.393897347141262	-0.10667829215526581
0.6680310362267334	0.3939382720440654	-0.1073271781206131
0.6681499271850878	0.3941838214608855	-0.10751578211784363
0.6684486221201147	0.3943512415178083	-0.10769310593605042
0.6678464383127711	0.3944126288720134	-0.10806170105934143
0.6679973793544193	0.3944126288720134	-0.10783462226390839
0.668144601294537	0.3947809529972436	-0.10831791907548904
0.6682628572575016	0.39482852819675246	-0.10887923836708069
0.6685601127617511	0.3950536151621709	-0.10895969718694687
0.6686760633529016	0.39525823967618773	-0.1095871552824974
0.6683936528995185	0.39680189552923584	-0.10961685329675674
0.6684914045750129	0.39703628360892784	-0.10973913967609406
0.6686385848685471	0.39732787354140175	-0.11016330122947693
0.6689341793512692	0.39742609330812984	-0.11039013415575027
0.669229246927605	0.397831249845883	-0.11059867590665817
0.6692566474201005	0.39808907673354416	-0.11102928966283798
0.6691653751952308	0.3982033842206846	-0.11136121302843094
0.6692816726395017	0.39868045165907795	-0.11155717074871063
0.669499260598335	0.3993352501039316	-0.11162073165178299
0.6691987299944372	0.39970357422916186	-0.11188998818397522
0.6697925176874225	0.39970357422916186	-0.11174638569355011
0.6690980717354126	0.4004437640577495	-0.1120840460062027
0.6678226792041485	0.40052064441087293	-0.11324760317802429
0.6679137717808722	0.40052064441087293	-0.11271840333938599
0.668504323303225	0.40052064441087293	-0.11244495213031769
0.6690959200495109	0.40052064441087293	-0.1122463122010231
0.6677376755817716	0.40068434402208636	-0.11347389221191406
0.6664062742159361	0.40091454660035525	-0.11445281654596329
0.6669918684815037	0.40091454660035525	-0.11435917764902115
0.66757849281614	0.40091454660035525	-0.11391469091176987
0.6681661499400979	0.40091454660035525	-0.11384095996618271
0.6678835748397025	0.40091454660035525	-0.11375516653060913
0.6666989002911853	0.4011600960171754	-0.11458976566791534
0.6664901996148315	0.4014758024102299	-0.11476749926805496
0.6667822397202475	0.40161260851388686	-0.11512977629899979
0.666723812563887	0.4017296055889599	-0.11514230072498322
0.666331819340732	0.4019687770988497	-0.11565323919057846
0.6664772142877082	0.4019687770988497	-0.11561969667673111
0.6659411931384076	0.40221432651566985	-0.11621128022670746
0.6665222936559804	0.40221432651566985	-0.11595074087381363
0.6660144150956041	0.4024905696095925	-0.11676300317049026
0.6649735434663366	0.4027504427423938	-0.11720707267522812
0.6655517813302204	0.4027504427423938	-0.11688156425952911
0.6661310257003947	0.4027504427423938	-0.11677191406488419
0.6652643650431888	0.40372957104196416	-0.11806060373783112
0.6655546821593699	0.4044662192924246	-0.11819890886545181
0.665720703108229	0.4046043408393859	-0.11827868223190308
0.6660101224128971	0.4050009975896338	-0.11914437264204025
0.6658146119263809	0.40517492842654806	-0.11924312263727188
0.6657132790165649	0.4053795529405648	-0.11942318081855774
0.6661034497725984	0.4053795529405648	-0.11925143003463745
0.6647587131697423	0.40570695216299163	-0.12032533437013626
0.6653317810259232	0.40570695216299163	-0.12016644328832626
0.6659058377826323	0.40570695216299163	-0.11989784240722656
0.664664734548732	0.4061673573195294	-0.1203671544790268
0.6645845658788092	0.4071421843981278	-0.12058573961257935
0.6643143042242741	0.4073570401378454	-0.1207038015127182
0.6642590988129227	0.40747981484625556	-0.12097866088151932
0.6644719564644199	0.407766289165879	-0.12161298096179962
0.664547041266771	0.407766289165879	-0.12123459577560425
0.6647592236249812	0.40798114490559656	-0.12171311676502228
0.6635995605560825	0.4081578865188022	-0.12207277864217758
0.6641570711059641	0.4081578865188022	-0.12198527902364731
0.6647252123130694	0.4081578865188022	-0.12187393754720688
0.6635722392137722	0.4096246160542675	-0.12316299974918365
0.6635490434739171	0.4098590041339594	-0.12368295341730118
0.662951513187153	0.40995108516526696	-0.12387736141681671
0.6635162078321164	0.40995108516526696	-0.1238441988825798
0.6625497484569566	0.41016155609397	-0.12447062879800797
0.6624045880428535	0.41049918654209766	-0.12517133355140686
0.6626791155481697	0.41049918654209766	-0.12489435821771622
0.662046314431282	0.4106833486047128	-0.12526580691337585
0.6616735821497489	0.4117637660387214	-0.12569263577461243
0.6611462156824904	0.412271234833483	-0.12690995633602142
0.6617060346627466	0.412271234833483	-0.12597791850566864
0.6611508821668388	0.4123047188448675	-0.12778685986995697
0.6585925845176863	0.412409954309219	-0.12958161532878876
0.658693619880223	0.412409954309219	-0.12952786684036255
0.6592480757892131	0.412409954309219	-0.12846875190734863
0.6592087882768694	0.412409954309219	-0.12842200696468353
0.6597646135620944	0.412409954309219	-0.12817491590976715
0.6603213769490666	0.412409954309219	-0.12815862894058228
0.6607131340762056	0.412409954309219	-0.1279943734407425
0.6586024521346205	0.41247495268425954	-0.13016252219676971
0.6586693329773692	0.41247495268425954	-0.12970906496047974
0.6580448719097967	0.4127450570427617	-0.1309308260679245
0.6581345519758446	0.4127450570427617	-0.13084717094898224
0.6583367863856513	0.4127450570427617	-0.13079951703548431
0.6588886194002244	0.4127450570427617	-0.13028784096240997
0.6581216932365219	0.41283713807406924	-0.1317862570285797
0.6575699989231683	0.41375794838714486	-0.13239546120166779
0.6578505844219116	0.41375794838714486	-0.13186714053153992
0.6571097432223112	0.4138105661193206	-0.13256460428237915
0.657395247182992	0.4140177484397626	-0.13300837576389313
0.6568738673681211	0.41424795101803147	-0.1338353455066681
0.6572879519139548	0.41424795101803147	-0.13339634239673615
0.6570860284130513	0.41424795101803147	-0.1333240419626236
0.6560697069686975	0.4143216158430774	-0.13420118391513824
0.6566137117008439	0.4143216158430774	-0.13405074179172516
0.657158619345409	0.4143216158430774	-0.1338486671447754
0.6559405101914054	0.4144220678772311	-0.13429638743400574
0.6556274633490744	0.4152139647464761	-0.13499125838279724
0.6559213703435778	0.4152139647464761	-0.13436691462993622
0.6561069306603479	0.4152139647464761	-0.13431255519390106
0.6552059836073612	0.41554136396890295	-0.13600261509418488
0.6557465826037369	0.41554136396890295	-0.13530509173870087
0.6552154240382173	0.4157869133857231	-0.13641329109668732
0.6553620231405178	0.4159403817712356	-0.13699907064437866
0.654490064466149	0.41613989067240204	-0.13857455551624298
0.6548784554954408	0.41613989067240204	-0.13840919733047485
0.6554170068568679	0.41613989067240204	-0.13755905628204346
0.6545684155207298	0.41626988742248333	-0.13877850770950317
0.6546694068012683	0.4167643485222772	-0.13927094638347626
0.6540992174686949	0.41713267264750736	-0.14247336983680725
0.6538161562718608	0.41713267264750736	-0.1419563591480255
0.6543516322393235	0.41713267264750736	-0.14016763865947723
0.6530313003789501	0.41723312468166107	-0.14255572855472565
0.6535648226831813	0.41723312468166107	-0.1425320953130722
0.6521339461085967	0.41750936777558373	-0.14274977147579193
0.6526654326172426	0.41750936777558373	-0.14269402623176575
0.6531977861511882	0.41750936777558373	-0.14259500801563263
0.6520682785946178	0.4187640983120822	-0.1439167559146881
0.6520682785946178	0.4187640983120822	-0.14341296255588531
0.6522555018975298	0.4189614148077412	-0.144171804189682
0.651112721023759	0.4191532502896319	-0.14792400598526
0.6516407929791715	0.4191532502896319	-0.14735959470272064
0.6518279586945938	0.4191532502896319	-0.14569413661956787
0.6523574696277331	0.4191532502896319	-0.1448764204978943
0.6523574696277331	0.4191532502896319	-0.14477652311325073
0.6511638732450237	0.4194601870606571	-0.14823810756206512
0.6506365266431724	0.419961355361489	-0.14879734814167023
0.6511629316000034	0.419961355361489	-0.14867712557315826
0.648936330047619	0.4200139730936647	-0.15259508788585663
0.6494096562913814	0.4200139730936647	-0.15238814055919647
0.6498688576271002	0.4200139730936647	-0.15235570073127747
0.6501512376574692	0.4200139730936647	-0.15175305306911469
0.6502725229867563	0.4200139730936647	-0.14982204139232635
0.6484142573766233	0.4201367478020749	-0.15306833386421204
0.6483543326436666	0.4205050719273051	-0.15377533435821533
0.6486968825716581	0.4205050719273051	-0.15373192727565765
0.6482352681712399	0.4207896860240738	-0.15408046543598175
0.6483983526773757	0.42099059009238116	-0.15460237860679626
0.6485173569698195	0.42099059009238116	-0.15412181615829468
0.6481294188481704	0.4213971816591937	-0.1548941731452942
0.6457291929646395	0.42155503485572093	-0.15810081362724304
0.6456416819187503	0.42155503485572093	-0.157888263463974
0.646156547693805	0.42155503485572093	-0.15769438445568085
0.6466722352817491	0.42155503485572093	-0.15759922564029694
0.6471887466517824	0.42155503485572093	-0.15618795156478882
0.6477060837794018	0.42155503485572093	-0.15535347163677216
0.6480909153130918	0.42155503485572093	-0.15507721900939941
0.645365023606455	0.42268833985642923	-0.15817438066005707
0.6458784404907879	0.42268833985642923	-0.15814270079135895
0.6446977762569844	0.4227441465420702	-0.1611892729997635
0.645209035397553	0.4227441465420702	-0.1608928143978119
0.645721106060567	0.4227441465420702	-0.1594768464565277
0.6456467034923912	0.4227441465420702	-0.15933050215244293
0.6439489325784585	0.42296514101720833	-0.16204702854156494
0.644458789215496	0.42296514101720833	-0.1617630422115326
0.6437912215206449	0.42425873999036523	-0.16237972676753998
0.6395474622964598	0.4244429020529803	-0.1698446273803711
0.6400490681492412	0.4244429020529803	-0.1695294827222824
0.6405514614523411	0.4244429020529803	-0.16874311864376068
0.6410546440614946	0.4244429020529803	-0.16860051453113556
0.6415586178382725	0.4244429020529803	-0.1678505539894104
0.6412766025887353	0.4244429020529803	-0.16783729195594788
0.6417815447954981	0.4244429020529803	-0.16782626509666443
0.6422872828134615	0.4244429020529803	-0.16769568622112274
0.6427938185254595	0.4244429020529803	-0.16660533845424652
0.6433011538202704	0.4244429020529803	-0.16305793821811676
0.6438092905926402	0.4244429020529803	-0.16276825964450836
0.6396731103291171	0.42447638606436483	-0.17129039764404297
0.6396731103291171	0.42447638606436483	-0.17059068381786346
0.6399550562521773	0.42474554600203307	-0.17162539064884186
0.6395810402194734	0.42477623967913564	-0.17302975058555603
0.6399073567308081	0.42477623967913564	-0.1720728576183319
0.6388649504917583	0.4248814751434871	-0.1746768206357956
0.6393632850865256	0.4248814751434871	-0.17458559572696686
0.6398623977212536	0.4248814751434871	-0.1741304248571396
0.6379189202806578	0.42529794621319195	-0.17625412344932556
0.6384153552380747	0.42529794621319195	-0.17608070373535156
0.6389125634586651	0.42529794621319195	-0.1751919984817505
0.6368553829509567	0.4253546114632273	-0.17844505608081818
0.6373498358880304	0.4253546114632273	-0.17839697003364563
0.6373498358880304	0.4253546114632273	-0.17806218564510345
0.6378117571724367	0.4253546114632273	-0.176995649933815
0.6369430919564211	0.42549931022671056	-0.18034085631370544
0.6365193330781479	0.42556837100019124	-0.1835121214389801
0.6370112336446689	0.42556837100019124	-0.1833852231502533
0.6373901604893056	0.42556837100019124	-0.18286830186843872
0.637195502030792	0.42556837100019124	-0.18244531750679016
0.6369144760834882	0.42556837100019124	-0.18087820708751678
0.6355215830147818	0.4258446140941139	-0.18452084064483643
0.6360111990263494	0.4258446140941139	-0.18418121337890625
0.6365015700356219	0.4258446140941139	-0.18395929038524628
0.6367997965557111	0.4258446140941139	-0.18378300964832306
0.6299407464424156	0.42728076866644	-0.19598564505577087
0.6302938516861472	0.42728076866644	-0.19546158611774445
0.6307746250283943	0.42728076866644	-0.19157695770263672
0.6312561323757443	0.42728076866644	-0.19127099215984344
0.6316645855638916	0.42728076866644	-0.19010783731937408
0.632147509558971	0.42728076866644	-0.19002625346183777
0.6326311725349152	0.42728076866644	-0.1891498863697052
0.6331155761892299	0.42728076866644	-0.18893979489803314
0.633447465519643	0.42728076866644	-0.18854394555091858
0.6339332381159004	0.42728076866644	-0.18852853775024414
0.6344197563339479	0.42728076866644	-0.18789516389369965
0.6348798686388484	0.42728076866644	-0.1871919333934784
0.6353678623887629	0.42728076866644	-0.18708324432373047
0.6353566068982928	0.42728076866644	-0.18556249141693115
0.6290464761694355	0.42742809831653206	-0.20035584270954132
0.6294613394816527	0.42742809831653206	-0.19875764846801758
0.6270737694898871	0.4277068992168799	-0.20780697464942932
0.6274541284061673	0.4277068992168799	-0.20777742564678192
0.6276047472459083	0.4277068992168799	-0.20709681510925293
0.6280809268720433	0.4277068992168799	-0.20545493066310883
0.6282126926065358	0.4277068992168799	-0.20453967154026031
0.628690057874474	0.4277068992168799	-0.20240455865859985
0.6267885397096375	0.4279371017951488	-0.20984017848968506
0.626298334554899	0.4281968175244778	-0.21253103017807007
0.6266583484132172	0.4281968175244778	-0.21030908823013306
0.6253155082459988	0.42829230896435233	-0.21394458413124084
0.6254099434443756	0.42829230896435233	-0.21386553347110748
0.6258815949854347	0.42829230896435233	-0.21263086795806885
0.6263539584533482	0.42829230896435233	-0.2126239538192749
0.6243464660556939	0.4285553976252311	-0.21571095287799835
0.6245293316342839	0.4285553976252311	-0.215689018368721
0.6249989025603248	0.4285553976252311	-0.21535331010818481
0.6253152708432553	0.4285553976252311	-0.21447506546974182
0.6233840659777543	0.4288207740135957	-0.21738620102405548
0.623851370375039	0.4288207740135957	-0.216553196310997
0.6243193759042025	0.4288207740135957	-0.2160877138376236
0.6206905622114661	0.4289194322614252	-0.2257016897201538
0.6211530738077489	0.4289194322614252	-0.2241436243057251
0.6213179903430267	0.4289194322614252	-0.22393018007278442
0.6217420856320661	0.4289194322614252	-0.2226312756538391
0.6222064187804097	0.4289194322614252	-0.22241124510765076
0.6226714459992292	0.4289194322614252	-0.22130908071994781
0.6231371688459002	0.4289194322614252	-0.21945585310459137
0.6234164631339585	0.4289194322614252	-0.21940134465694427
0.6179097121622322	0.42902466772577674	-0.2444579154253006
0.6183677623565704	0.42902466772577674	-0.24313829839229584
0.6186969645730047	0.42902466772577674	-0.24123384058475494
0.6190540879157743	0.42902466772577674	-0.23348210752010345
0.6195052687345213	0.42902466772577674	-0.23159395158290863
0.6199658674473351	0.42902466772577674	-0.2310817688703537
0.6204271515749	0.42902466772577674	-0.23063135147094727
0.6170367359279356	0.4290860550799818	-0.24818280339241028
0.617493461861265	0.4290860550799818	-0.2466459572315216
0.6167161133883657	0.42915105345502247	-0.25432270765304565
0.6171715905769835	0.42915105345502247	-0.2535530924797058
0.6171350088503836	0.42915105345502247	-0.24965690076351166
0.6143646830574839	0.42930890665154964	-0.2663746178150177
0.6148164217950262	0.42930890665154964	-0.26471954584121704
0.6152688253430726	0.42930890665154964	-0.2615039050579071
0.6157218951702766	0.42930890665154964	-0.25629493594169617
0.616175632749621	0.42930890665154964	-0.2557746469974518
0.6166300395584333	0.42930890665154964	-0.2553883194923401
0.6113915286476616	0.4295299011266878	-0.2842247784137726
0.6116555107723128	0.4295299011266878	-0.28153982758522034
0.6121026273737546	0.4295299011266878	-0.2788814306259155
0.6125503981326235	0.4295299011266878	-0.2738193869590759
0.6129988244855756	0.4295299011266878	-0.2717162072658539
0.6134479078734771	0.4295299011266878	-0.2711764872074127
0.6134533237838972	0.4295299011266878	-0.2685200273990631
0.6139033995900481	0.4295299011266878	-0.26730048656463623
0.6143541363004668	0.4295299011266878	-0.2664075493812561
0.6111041470106813	0.4295562099927757	-0.2898584008216858
0.6099324500981654	0.4297666809214787	-0.31203407049179077
0.6103763601782951	0.4297666809214787	-0.30473753809928894
0.6108209168863638	0.4297666809214787	-0.30053451657295227
0.6112418262038222	0.4297666809214787	-0.2986268103122711
0.6077166518480526	0.4301350050467089	-0.35574430227279663
0.6081560709744792	0.4301350050467089	-0.34496694803237915
0.6085961260185997	0.4301350050467089	-0.3432866632938385
0.6090368183618426	0.4301350050467089	-0.3422616720199585
0.6094781493896412	0.4301350050467089	-0.33668845891952515
0.6094850225944197	0.4301350050467089	-0.33053886890411377
0.6099273194177828	0.4301350050467089	-0.32298359274864197
0.6098255963382024	0.4301350050467089	-0.31456926465034485
0.6100705805850127	0.4301350050467089	-0.3131398856639862
0.6063010875404331	0.43100875172156045	-0.37738215923309326
0.6067382188220052	0.43100875172156045	-0.3751662075519562
0.6070062160090001	0.43100875172156045	-0.3574068248271942
0.6074444876451076	0.43100875172156045	-0.35719597339630127
0.6065845280821607	0.4312966016681689	-0.38191673159599304
0.6028165670430564	0.43134921940034465	-0.7220351696014404
0.6032477663041744	0.43134921940034465	-0.6498288512229919
0.6036795828870694	0.43134921940034465	-0.5020924210548401
0.6041120181183638	0.43134921940034465	-0.4979122281074524
0.6045450733284845	0.43134921940034465	-0.4285261332988739
0.6049084204286583	0.43134921940034465	-0.422465980052948
0.6053426691152546	0.43134921940034465	-0.41102465987205505
0.605367032691179	0.43134921940034465	-0.40984082221984863
0.6058022354465284	0.43134921940034465	-0.40759068727493286
0.6062380643928929	0.43134921940034465	-0.38353440165519714
