Precision	Recall	Confidence
0.8571428571428571	0.0007366482504604051	-1.4259701856644824e-05
0.5824175824175823	0.0010589318600368325	-1.742748099786695e-05
0.6703296703296703	0.0017620960991126737	-1.743861685099546e-05
0.5796703296703296	0.002084379708689101	-1.7762184143066406e-05
0.6494505494505495	0.0026631747626222765	-2.1235509848338552e-05
0.6053113553113553	0.002970111533647445	-2.2786003682995215e-05
0.6616954474097332	0.0033384356588776476	-2.288818359375e-05
0.6706501831501832	0.003690389822986508	-2.3833026716602035e-05
0.7072446072446072	0.00405871394821671	-2.4293598471558653e-05
0.7298534798534798	0.0044024831317649	-2.6941299438476562e-05
0.7544122544122543	0.004975431771011882	-2.8003345505567268e-05
0.7656186406186406	0.0053028309934387285	-2.822876012942288e-05
0.7836479759556683	0.005671155118668931	-3.06129441014491e-05
0.7991016919588347	0.006039479243899133	-3.2164833100978285e-05
0.805087505087505	0.006366878466325981	-3.328323509776965e-05
0.798519536019536	0.007021676911179674	-3.362956704222597e-05
0.8058464411405587	0.007361668411392169	-3.4150623832829297e-05
0.8055216388549722	0.007656327711576331	-3.634558743215166e-05
0.8157573420731316	0.008208813899421635	-3.871710578096099e-05
0.8211233211233211	0.00854880539963413	-4.013560101157054e-05
0.8296412582126867	0.008917129524864332	-4.069010537932627e-05
0.8347110405933935	0.009263787525080993	-4.4730993977282196e-05
0.823263976716662	0.010245985192361534	-4.594222264131531e-05
0.8167390887979122	0.010614309317591736	-4.7502064262516797e-05
0.8120695252459958	0.01087213620525288	-4.787445141118951e-05
0.8192976204288421	0.011291616458987276	-4.8967107431963086e-05
0.8095293958039056	0.011604571598071762	-4.944950342178345e-05
0.8163319173823375	0.012236861346383607	-5.03334122186061e-05
0.8123204719553603	0.01249468823404475	-6.376142118824646e-05
0.818576456223515	0.01286301235927495	-6.500879680970684e-05
0.8244288286034017	0.013231336484505153	-6.866455078125e-05
0.8244288286034017	0.013231336484505153	-6.697458593407646e-05
0.8299154277095454	0.013599660609735354	-7.896423630882055e-05
0.8307405013287367	0.013875903703658007	-8.147103653755039e-05
0.8203125594129055	0.014761834838207926	-9.193817822961137e-05
0.8188530796934158	0.015424074174480412	-9.32400071178563e-05
0.823884938590821	0.015792398299710613	-9.329422755399719e-05
0.8267143031848915	0.016257188267263013	-0.00010036188905360177
0.8312744531010786	0.016625512392493214	-0.00010057758481707424
0.8334639970386578	0.0169631428406209	-0.00010194778587901965
0.8288038677009266	0.017233247199123048	-0.00010326930350856856
0.8329793831228552	0.017601571324353252	-0.0001075475083780475
0.8335547039328552	0.01791727771740771	-0.00011140650167362764
0.837425524771626	0.018285601842637913	-0.00011208478099433705
0.8335446416328771	0.018531151259458048	-0.00011785406968556345
0.8218590342119755	0.018757812259599712	-0.00012515840353444219
0.8136543692170292	0.019373130209984286	-0.00012580871407408267
0.8158461202265959	0.01971076065811197	-0.00012750625319313258
0.8196826593885418	0.020428992702310866	-0.00012897927081212401
0.8219048791677843	0.020771007961453196	-0.00013778323773294687
0.8236485997662467	0.021105848075298837	-0.00014675987767986953
0.8227491718841199	0.021515097103332395	-0.00014856125926598907
0.8176108331085705	0.022116693174541725	-0.00016576796770095825
0.8183567203545006	0.022448184887248906	-0.00016805632913019508
0.8217204847923802	0.02281650901247911	-0.00017760753689799458
0.8066590389069381	0.02311116831266327	-0.00020399547065608203
0.8213255668870643	0.02311116831266327	-0.00019158257055096328
0.802156248750676	0.024216140688353878	-0.00022060783521737903
0.7981781853485708	0.024584464813584082	-0.00023211637744680047
0.7979669328123965	0.024873862340550668	-0.00023217634588945657
0.8000520993168052	0.025168521640734826	-0.0002579689025878906
0.7930840321148904	0.025972137913964362	-0.0002651132526807487
0.7929651652374613	0.02626153544093095	-0.0002673467097338289
0.7942673054717873	0.02676798111312248	-0.00027669270639307797
0.7905374343793462	0.02690964423821102	-0.00027980803861282766
0.7922214738504332	0.027277968363441225	-0.0002859072119463235
0.7941070070749215	0.02784462086379538	-0.0003067879588343203
0.7956874995066391	0.028440636266440618	-0.0003086858196184039
0.7885818009844826	0.028829422843072498	-0.00032283307518810034
0.7824925147764695	0.029197746968302702	-0.00032379297772422433
0.7855997645653771	0.029566071093532903	-0.0003726973372977227
0.7886194861912168	0.029934395218763107	-0.0003791909839492291
0.7877674478729043	0.030702614108528953	-0.0003826141473837197
0.7894294130950688	0.031037454222374593	-0.00039351615123450756
0.7890953113282833	0.031379469481516924	-0.0003951879625674337
0.7919073738439062	0.03174779360674713	-0.0003962987393606454
0.7913559610301706	0.03202403670066978	-0.0003987550735473633
0.7879540883506343	0.03238645188271447	-0.0004181385156698525
0.7888411238479704	0.03270215827576893	-0.0004213581851217896
0.7812668841850365	0.033780821785371666	-0.0004433979047462344
0.7829593814660568	0.03411845223349935	-0.00044607080053538084
0.777050596831747	0.034352840313191295	-0.00045835599303245544
0.7797694919923355	0.0347211644384215	-0.0005012960755266249
0.7760817175168412	0.0364324100170704	-0.0005426223506219685
0.7737870938956091	0.03664726575678802	-0.0005941845010966063
0.774487637888994	0.036910354417666734	-0.0006158492178656161
0.770269929377289	0.03764700266812713	-0.0006172870052978396
0.7696264326520984	0.038173179989884565	-0.0006276539643295109
0.7669995588544783	0.038459654309508054	-0.0006299657397903502
0.7621269046351398	0.03940515448152757	-0.0006415926036424935
0.7647699390280825	0.03975301615535609	-0.0006427718908526003
0.7597999396981036	0.040016104816234806	-0.0006764382123947144
0.7573383461506604	0.04016343446632689	-0.0006944355554878712
0.7599476112458146	0.04050720364987508	-0.0007401364273391664
0.7593098707006464	0.041243851900335485	-0.0007446513627655804
0.7600890650441484	0.04259941622551307	-0.0007534401374869049
0.7610256372832719	0.04291249173195874	-0.0007616199436597526
0.7603172048608432	0.04332414810721603	-0.000796025968156755
0.7597017231785896	0.043581974994877176	-0.0007962619420140982
0.7587619751330147	0.04416555347900814	-0.0008971214410848916
0.7607743553816845	0.04451914463922913	-0.0009112077532336116
0.7611627281006778	0.0448138039394133	-0.00093357905279845
0.7597335309171868	0.04527420909595104	-0.0009417590918019414
0.7585988087030118	0.045510988890741885	-0.0009589671972207725
0.7599584355424059	0.04616987982587591	-0.0009764607530087233
0.7572320143517765	0.04673033839738422	-0.00098884548060596
0.7581745694724471	0.04704604479043868	-0.0010365673806518316
0.7582356097797412	0.04797768816602096	-0.0010923345107585192
0.7604741689484472	0.04834601229125116	-0.0010935465106740594
0.7549118286865746	0.048959885833301506	-0.0011162019800394773
0.7618376252800294	0.048959885833301506	-0.0011040171375498176
0.7564763295864382	0.049259149185051046	-0.0011389151914045215
0.7580926123579879	0.04962747331028125	-0.001153545337729156
0.7590266278560266	0.05034570535448014	-0.0011601607548072934
0.7587480848684538	0.05105402097992283	-0.001185546861961484
0.7552193291432551	0.05198710876383935	-0.0012063985923305154
0.7563153085573344	0.05231210063904247	-0.0012790679465979338
0.7574484160815357	0.05263949986146931	-0.0012849807972088456
0.7556518578558832	0.053356416462363825	-0.0013006384251639247
0.7535035229159177	0.05354057852497892	-0.0013026453088968992
0.7493982399350968	0.05458007105618416	-0.001317690359428525
0.7487145079246138	0.05543949401505465	-0.00134243571665138
0.7507742250727727	0.05580781814028485	-0.001364477793686092
0.7520613525851153	0.056142658254130486	-0.0013733584200963378
0.7533888147954504	0.05648028870225817	-0.0013973838649690151
0.7553617042770868	0.057499757263163184	-0.0014092683559283614
0.7515312722806597	0.0605353956579176	-0.0014601291622966528
0.7530732970741398	0.06088433430287253	-0.0016877404414117336
0.7550024119407481	0.061252658428102735	-0.0017320384504273534
0.7569016180497345	0.06138659447364099	-0.0017593702068552375
0.752979455942105	0.061754918598871195	-0.0018133741104975343
0.7587716056031981	0.061754918598871195	-0.0017676634015515447
0.7534734132317998	0.06203116169279384	-0.0018824577564373612
0.7496902279596834	0.06239948581802404	-0.001918572699651122
0.7553269965909593	0.06239948581802404	-0.001893478911370039
0.7507213291517516	0.0626941451182082	-0.0019561767112463713
0.7494582853228494	0.06477108393547851	-0.0020983219146728516
0.7510437479603955	0.06512713058986772	-0.0021472761873155832
0.7504323198350785	0.06532803465817509	-0.0021616092417389154
0.7488554686132435	0.06565758782285473	-0.002185135381296277
0.7470779295517203	0.06663579929830378	-0.0022872579284012318
0.7460348236683747	0.06784122370814807	-0.002362471306696534
0.7478233108256397	0.06842001876208124	-0.002428026869893074
0.749307063896789	0.06901915933912238	-0.002428576350212097
0.7503535426197279	0.06935065105182957	-0.0025174617767333984
0.7508213238305009	0.06979012870125197	-0.0025344688910990953
0.7518430955850866	0.07012162041395914	-0.002600187435746193
0.7520195219945606	0.0703199487890831	-0.0026635562535375357
0.7525689396387415	0.07062688556010827	-0.0026849163696169853
0.7539809800637363	0.07098156805107068	-0.0027024666778743267
0.755144916387121	0.07132358331021302	-0.0027042736764997244
0.7564654497524079	0.07167516542975094	-0.0027835301589220762
0.7566826091896324	0.07190536800801982	-0.0027845127042382956
0.7551769437012928	0.0725676073442923	-0.002926221117377281
0.7555491713395961	0.0733042555947527	-0.0029565836302936077
0.7560510046427816	0.07430399250609182	-0.003055309411138296
0.7564835585345888	0.07548584523490588	-0.003107584547251463
0.7529355448340305	0.07583663011607751	-0.0033396880608052015
0.7577313126355211	0.07583663011607751	-0.0031570547726005316
0.7544894093319295	0.07620495424130772	-0.0034138064365833998
0.7525516283013828	0.07657327836653792	-0.003446304937824607
0.7540885747094488	0.07694160249176811	-0.003460354171693325
0.7535489333017772	0.0775964009366218	-0.0035125981085002422
0.7550609030361222	0.07812257825837923	-0.0035207411274313927
0.7532007755785848	0.07906180477771624	-0.00353232235647738
0.7536864274437651	0.07946919358289511	-0.003588037798181176
0.7551702441459112	0.07997918083321386	-0.0035918098874390125
0.7550394842009257	0.08106247445794394	-0.0036625051870942116
0.7564975825092535	0.08143079858317415	-0.003675271524116397
0.7547522622668227	0.08216744683363456	-0.003685068106278777
0.7553545598837405	0.08235160889624965	-0.003787096356973052
0.7567852349721399	0.08263269836024113	-0.0038297574501484632
0.7558736929083483	0.08300102248547134	-0.003887653350830078
0.7533298534908678	0.08375441274162401	-0.0040561906062066555
0.7547474980110352	0.08412273686685422	-0.004134551156312227
0.7557679884985913	0.08446650605040242	-0.0041919187642633915
0.757155670382122	0.0848348301756326	-0.00423131650313735
0.7560166866825367	0.08503945468964938	-0.004296346567571163
0.7573873794539832	0.08526965726791826	-0.004354062490165234
0.756164330062964	0.0860369991954812	-0.004403094761073589
0.7531711465867689	0.08879943013470772	-0.004434030503034592
0.7520486540641901	0.08979595151796942	-0.004513026215136051
0.7523121229979034	0.08998011358058453	-0.004726804327219725
0.752824919299302	0.09068956831010322	-0.004742990247905254
0.7541682621291971	0.09105789243533342	-0.004849867429584265
0.7548214066582284	0.09138017604490985	-0.004975251387804747
0.7561395711385603	0.09174850017014005	-0.005095076747238636
0.7560176126476235	0.09248514842060046	-0.005125934723764658
0.757315391303753	0.09285347254583066	-0.005137826316058636
0.7585994368524105	0.09320706370605165	-0.005280214361846447
0.7596068082373977	0.09390687954398905	-0.0053197224624454975
0.7529807956741221	0.0941348897167506	-0.005401611328125
0.7569025706515915	0.0941348897167506	-0.005393663886934519
0.7608654113356312	0.0941348897167506	-0.005379712209105492
0.7542540905417813	0.0945032138419808	-0.005535404663532972
0.754146804607379	0.09480165082550064	-0.005552619695663452
0.7550822800940763	0.09514695469290398	-0.005554462783038616
0.7546334698736327	0.09529428434299604	-0.005634885746985674
0.7558726947732606	0.09566260846822625	-0.005662277806550264
0.7570994651512845	0.096172595718545	-0.0056858062744140625
0.7583139678255282	0.09657240053823933	-0.005722318310290575
0.7590641018616743	0.09727397030058253	-0.0057305144146084785
0.7602568538326562	0.09775279166338183	-0.005783557891845703
0.7610273455214935	0.09809042211150948	-0.0058522033505141735
0.7587674075532509	0.09818250314281703	-0.005982565693557262
0.7588184483419217	0.09846582939299411	-0.006075190380215645
0.7585118159417816	0.09910016538644613	-0.006131328176707029
0.7596784255266039	0.09946848951167633	-0.006433823145925999
0.7604331766859311	0.10029721879344429	-0.006468983832746744
0.7606224916300176	0.10049812286175168	-0.006614831276237965
0.7605719083365413	0.10072832544002056	-0.0066632842645049095
0.7586906972242181	0.10097387485684067	-0.0066704219207167625
0.7594358668913994	0.10115803691945577	-0.006698256358504295
0.7590003307401095	0.10140358633627591	-0.006707668304443359
0.7598516211132318	0.10171375402068028	-0.006806023418903351
0.7607896994407909	0.10206791183340162	-0.006938934326171875
0.7592316102037613	0.10312377432572821	-0.006981112528592348
0.7583661584121707	0.10380375732615321	-0.007011073175817728
0.7588629497344389	0.10412297156801939	-0.00708847725763917
0.7599640321557429	0.10494332984694121	-0.007266535889357328
0.7580248017065502	0.10531165397217142	-0.007312403991818428
0.7582147347305025	0.10562736036522587	-0.007322307210415602
0.7593038575470318	0.10599568449045607	-0.007336680311709642
0.760383212445924	0.10636400861568626	-0.007423702627420425
0.7614529302475047	0.10673233274091647	-0.007431646343320608
0.7587704559385297	0.10698555557701224	-0.007663300726562738
0.7621427690760342	0.10698555557701224	-0.0075513264164328575
0.7574519052932474	0.10761218493292336	-0.007668918929994106
0.754734708491447	0.10790684423310751	-0.008028199896216393
0.7558057359652833	0.10833260938262954	-0.008033649995923042
0.7559978849393474	0.10857815879944968	-0.008097012527287006
0.7570541711517311	0.10888893228011266	-0.008098676800727844
0.7563772135174565	0.1089539306551533	-0.008106072433292866
0.7551338206125174	0.109392943248862	-0.00818671379238367
0.7556871606296236	0.10971876843656567	-0.008205348625779152
0.7556629599460932	0.11038175186198002	-0.008240205235779285
0.7549535206841084	0.11108156769991738	-0.008348782546818256
0.7538777674322766	0.1116228925506345	-0.008394320495426655
0.7538614742918051	0.11193859894368896	-0.008400955237448215
0.7516636079917198	0.11267524719414937	-0.008414196781814098
0.7515078667679449	0.11275531765615593	-0.008491959422826767
0.7472254326073282	0.11331803506970207	-0.008627255447208881
0.7503259530745785	0.11331803506970207	-0.00854539591819048
0.74744261189701	0.11361269436988623	-0.008698035962879658
0.746801081073289	0.11385210505128586	-0.008918511681258678
0.7460204870915841	0.11450963911798469	-0.00901092030107975
0.746510918715873	0.11570365688658815	-0.009072021581232548
0.7464330313011235	0.11659377352256113	-0.009074299596250057
0.746111392734049	0.11880371827394234	-0.00913501437753439
0.7471310256949564	0.11924570722421857	-0.009218389168381691
0.7481425015921765	0.11961403134944877	-0.009260575287044048
0.7491459179204946	0.11996762250966975	-0.009349465370178223
0.7501413706271594	0.120097619259751	-0.009412356652319431
0.7511289541424668	0.12032428025989268	-0.009426879696547985
0.7521087614096225	0.12066427176010516	-0.009722759947180748
0.7512709291627673	0.1208626001352291	-0.009739523753523827
0.7501118452775435	0.12109280271349798	-0.009794799610972404
0.7486198406915089	0.12248346239145047	-0.00982067920267582
0.7471717017741	0.12266762445406557	-0.00994037464261055
0.7453398700017184	0.12294386754798822	-0.010212474502623081
0.7448604460985288	0.12426272638938267	-0.0105034364387393
0.7443054252322509	0.12472313154592045	-0.010624666698276997
0.744934377460719	0.1250300683169456	-0.010661443695425987
0.7459042087251269	0.1253983924421758	-0.010767671279609203
0.7459925669088604	0.1256817186923529	-0.01081685721874237
0.745841207610869	0.12594171219251538	-0.010840152390301228
0.7441651128454146	0.12603379322382294	-0.010952365584671497
0.7441869663553569	0.12631003631774557	-0.011021832935512066
0.7434193341617232	0.1267796495774141	-0.011103578843176365
0.7427003031797095	0.1278846219531047	-0.01110471785068512
0.7436532650197846	0.12818388530485425	-0.011165867559611797
0.7445991939311507	0.12880543226618021	-0.011402544565498829
0.7455381674828745	0.1291737563914104	-0.011416981928050518
0.7437459180851892	0.12954208051664065	-0.011571443639695644
0.7464702621074792	0.12954208051664065	-0.01149080041795969
0.744677751110334	0.1297687415167823	-0.011575911194086075
0.7447976787431869	0.12998359725649994	-0.011639013886451721
0.743516160670694	0.1304746960901402	-0.012100103311240673
0.7425902262326821	0.1304746960901402	-0.01191415823996067
0.7438380860207394	0.13078163286116537	-0.012185757048428059
0.7447529499992367	0.13166889138145677	-0.012231292203068733
0.742637174264693	0.13199775220755516	-0.0122626768425107
0.7452800111837844	0.13199775220755516	-0.012245547957718372
0.7403416073097774	0.13222795478582403	-0.01233462244272232
0.7429576553921441	0.13222795478582403	-0.012324213981628418
0.7406147308566968	0.13252931088828512	-0.012368369847536087
0.7415216723571978	0.13289763501351531	-0.012485231272876263
0.7424222937078696	0.1332659591387455	-0.012524066492915154
0.7433166607436061	0.13375705797238577	-0.012562459334731102
0.7435127968656007	0.13407980663767588	-0.012600504793226719
0.7435351665315814	0.1348164548881363	-0.012620246037840843
0.7423017652191547	0.13628975138905713	-0.012622199021279812
0.7422502959111189	0.13700593718811585	-0.012622504495084286
0.7423715501154421	0.13729241150773935	-0.012683234177529812
0.7432478373599473	0.1374474953499415	-0.012819531373679638
0.7407152239496204	0.13771889207379534	-0.012890024110674858
0.7432261230138565	0.13771889207379534	-0.01287610549479723
0.7403857354610935	0.13869193548650144	-0.013009920716285706
0.7402981514974178	0.13896938653998023	-0.013021980412304401
0.740163375071005	0.13910508490190715	-0.013133926317095757
0.7410294971541016	0.13947340902713737	-0.013146767392754555
0.7415576383595697	0.1397101888219282	-0.013193964958190918
0.742255728803349	0.14006097370309983	-0.013256404548883438
0.7431063699624139	0.140355633003284	-0.013277494348585606
0.7439514147980638	0.14212284471524708	-0.013288483023643494
0.7447909183561029	0.1425280012530003	-0.013306301087141037
0.7454206865967693	0.14315434923066453	-0.013313203118741512
0.7455260842879127	0.143440823550288	-0.013320392929017544
0.7459464541441208	0.14376310715986443	-0.01339437160640955
0.7443029227005968	0.14394726922247952	-0.013469235971570015
0.7436614763223838	0.14408539076944085	-0.013542705215513706
0.7444857159483568	0.14445371489467107	-0.013679244555532932
0.7439692019015138	0.14468903308579037	-0.013690219260752201
0.7439692019015138	0.14468903308579037	-0.013687812723219395
0.7447871916717965	0.14480413437492481	-0.0137094771489501
0.7453876570911008	0.14512641798450124	-0.014047975651919842
0.7454022994495417	0.1454333547555264	-0.01406780257821083
0.7452586212867267	0.14638705115121176	-0.014179756864905357
0.746062221850491	0.14675537527644195	-0.014224588871002197
0.7468607683226592	0.14727102905176423	-0.014289830811321735
0.7451000298175261	0.14832404806058436	-0.01429079845547676
0.7440921376275934	0.14869237218581455	-0.01446411944925785
0.7458965922243463	0.14869237218581455	-0.014397015795111656
0.7434376071794746	0.14901977140824138	-0.014485051855444908
0.7440384195411481	0.14936507527564474	-0.014568907208740711
0.7448284244191075	0.14963108714386655	-0.014649400487542152
0.7456135677285872	0.14993802391489172	-0.014655756764113903
0.7456270230423032	0.15028509857135863	-0.01468486525118351
0.7451816804641921	0.15065342269658885	-0.014720662496984005
0.7456536875359477	0.15097747709522888	-0.014751046895980835
0.7464267766315832	0.15120636374661894	-0.014799541793763638
0.7471951803387602	0.1521838393097299	-0.014807312749326229
0.74682601060964	0.15279771285178023	-0.014882225543260574
0.7468028311643778	0.15351389865083898	-0.014898883178830147
0.7466913434412261	0.15450848148607316	-0.014905574731528759
0.7474497525925996	0.1559640438624458	-0.014994233846664429
0.7468467818250234	0.15659545664855473	-0.01549835130572319
0.7447728330695919	0.15678371120145018	-0.015587382949888706
0.7442937841089501	0.15725248736083405	-0.015600405633449554
0.7450503113749	0.1577593265417064	-0.01565910317003727
0.7436088389550476	0.15790098966679494	-0.01576630026102066
0.7458023753531451	0.15790098966679494	-0.01576421968638897
0.7430573630506503	0.15810619882228033	-0.01580507680773735
0.7429558308000148	0.15880192216993738	-0.015816224738955498
0.7437052307102189	0.1589770566804635	-0.015838129445910454
0.7432874829465264	0.15919805115560162	-0.015843674540519714
0.7423324267740676	0.16188374790207188	-0.015968864783644676
0.7430771307429287	0.1627994988178228	-0.015991751104593277
0.7438175424698943	0.16316782294305301	-0.01607910729944706
0.7445536989570498	0.16349010655262944	-0.016108432784676552
0.74504685932298	0.16374332938872518	-0.016139207407832146
0.7437344805412408	0.16388204886446123	-0.016173450276255608
0.7430400803117786	0.16469060801556182	-0.01619052141904831
0.7429583917719319	0.1648440764010744	-0.016190936788916588
0.7436865549680454	0.16513055072069788	-0.016233492642641068
0.7439645739177341	0.165326990254154	-0.01629665121436119
0.7444175241454642	0.1658376272898154	-0.0168758612126112
0.7448049831820681	0.16643886225894117	-0.016976283863186836
0.7455198151619502	0.16660092487404246	-0.01706075668334961
0.7462306536670844	0.16710524559935766	-0.017082609236240387
0.7469375320691259	0.16742752920893408	-0.017129389569163322
0.7451432904680613	0.16769763356743622	-0.017252104356884956
0.7472131329415836	0.16769763356743622	-0.017212867736816406
0.7455020106601383	0.16801991717701265	-0.017352711409330368
0.7446289236571392	0.16838824130224284	-0.017460880801081657
0.7434989907166892	0.16873216073456007	-0.017509160563349724
0.7442017332078763	0.16891632279717517	-0.017591968178749084
0.7449006355761607	0.1691618722139953	-0.01787959598004818
0.7448526031284673	0.16986875689878056	-0.017942309379577637
0.7429795133252801	0.16988549890447285	-0.017974508926272392
0.7434296797094688	0.17032315462974637	-0.017995763570070267
0.7440359290493996	0.17065799474359203	-0.018067745491862297
0.7447258591597785	0.1708298793353661	-0.018125019967556
0.7439646027145601	0.1714564023928284	-0.01814522035419941
0.7433999076223852	0.17170195180964853	-0.01822504587471485
0.7440860041260686	0.17207027593487875	-0.018420765176415443
0.744768441448399	0.1725306810914165	-0.018494345247745514
0.7445163977211426	0.1736356534671071	-0.01859152317047119
0.7448625080720149	0.17434599285147964	-0.01864437200129032
0.7455374749818774	0.1746733920739065	-0.018720414489507675
0.745047930193007	0.17570294570014522	-0.018723249435424805
0.7448964882714464	0.1759923432271118	-0.018768327310681343
0.743517526872104	0.176323834939819	-0.018798058852553368
0.743043659000711	0.1768763211276643	-0.019017571583390236
0.7427103455709039	0.17730310939975644	-0.01904875412583351
0.7429463429348687	0.17747052945667927	-0.01912195235490799
0.7431811143385012	0.17776211938915315	-0.01912807486951351
0.742433353561835	0.17791558777466576	-0.019263993948698044
0.7411609159557321	0.17802082323901725	-0.019304903224110603
0.7412422725453496	0.17858168042970868	-0.019407140091061592
0.7411729754804148	0.17888861720073385	-0.019437525421380997
0.7392999679332004	0.179432732385733	-0.01962689496576786
0.7411956088766188	0.179432732385733	-0.019559785723686218
0.7390083863823502	0.17952481341704055	-0.01990252174437046
0.7384002225493163	0.17999135730899882	-0.020092781633138657
0.7360679570061693	0.1801755193716139	-0.020272009074687958
0.737936149790449	0.1801755193716139	-0.02023802511394024
0.735892701222484	0.18079816253569353	-0.020410895347595215
0.7365579589020242	0.18116648666092372	-0.020572394132614136
0.7372198735781499	0.18153481078615394	-0.020610453560948372
0.7353722047220643	0.18175147203628936	-0.020685233175754547
0.7355792287557135	0.1820064656614487	-0.020702462643384933
0.7362386321752753	0.1823097914116383	-0.020836172625422478
0.7350618144204533	0.18292366495368864	-0.020860489457845688
0.7350988818784671	0.18314465942882677	-0.020866965875029564
0.7339378997457339	0.18351298355405696	-0.021276691928505898
0.7357545777154015	0.18351298355405696	-0.021019821986556053
0.7335376304641646	0.18372345448275992	-0.021340522915124893
0.733501297219781	0.18404927967046356	-0.02153746969997883
0.7341544803148304	0.18441760379569377	-0.0216078944504261
0.733989473435495	0.18452688677790494	-0.02166522666811943
0.7346382795978474	0.18489521090313513	-0.021717555820941925
0.7352839285525973	0.185125413481404	-0.021770115941762924
0.7338596793614863	0.18545040535660712	-0.021979650482535362
0.7356408921754706	0.18545040535660712	-0.02195131778717041
0.7327326447621539	0.18581872948183734	-0.02208651788532734
0.7345025303775214	0.18581872948183734	-0.022052764892578125
0.730550607030814	0.18591565688321368	-0.022319385781884193
0.732306738297715	0.18591565688321368	-0.022120939567685127
0.7311952228034674	0.18638559568188176	-0.022361690178513527
0.7306434442287574	0.18661822144518506	-0.0224236398935318
0.7308879439647208	0.18678564150210789	-0.02242373488843441
0.7310521056180113	0.18703119091892803	-0.02245325781404972
0.7308995334877948	0.18727674033574815	-0.02248462289571762
0.7315357048034266	0.1875924467288026	-0.022539013996720314
0.7301051960656826	0.18764506446097834	-0.022816509008407593
0.7297318393018305	0.18791776597677376	-0.022826289758086205
0.7303662716039387	0.18828609010200398	-0.022850967943668365
0.7309977323261778	0.18865441422723414	-0.0228907261043787
0.7316262422973783	0.18899818341078237	-0.022928476333618164
0.7305251537588279	0.19067288889764256	-0.022997643798589706
0.7309070414061453	0.1911769113847997	-0.023069540038704872
0.7297415295434196	0.19154523551002986	-0.023123012855648994
0.7303671278546618	0.19179078492685003	-0.023150697350502014
0.7307011529635424	0.19211306853642646	-0.02323811873793602
0.730169583486668	0.19229723059904155	-0.023338641971349716
0.7291137597092062	0.19266555472427171	-0.023394720628857613
0.7307898832947447	0.19266555472427171	-0.023352839052677155
0.7297336366892767	0.19292338161193287	-0.023470977321267128
0.7299701656770485	0.19335660094017984	-0.023607218638062477
0.7305852678053468	0.1939653588693798	-0.02362215332686901
0.7307430285603348	0.19501035164598057	-0.02367982640862465
0.7307351593964174	0.19550145047962086	-0.023791883140802383
0.7310929732640473	0.19595162441045777	-0.023847507312893867
0.7303108568111158	0.19655015111395688	-0.023898832499980927
0.7308244209474273	0.19706098159716307	-0.02393478900194168
0.7307230498570157	0.19741457275738408	-0.024075569584965706
0.7298320415240029	0.19787497791392183	-0.02416166476905346
0.7300635880381178	0.19799007920305628	-0.024306224659085274
0.7298076081884448	0.1981303931555249	-0.02436065673828125
0.7297060556675703	0.1983698038369245	-0.024488545954227448
0.7286874035360068	0.1987381279621547	-0.024597983807325363
0.730306708877198	0.1987381279621547	-0.02458946220576763
0.7288451747671217	0.19892229002476983	-0.02461955137550831
0.7283399977808809	0.19959197025246112	-0.02471308968961239
0.7274134610185713	0.20014445644030643	-0.024726200848817825
0.7280125523130361	0.20036545091544455	-0.02495231106877327
0.7284800170460957	0.2007121089156612	-0.024953581392765045
0.7284176975339598	0.20077616528526648	-0.025188680738210678
0.7281373095480779	0.20129795779600926	-0.02521573379635811
0.7283664947850829	0.20169609863613908	-0.025238294154405594
0.7281664885711231	0.201930486715831	-0.025283051654696465
0.727178754854365	0.20220672980975365	-0.02532931976020336
0.728756149116522	0.20220672980975365	-0.025289496406912804
0.7254811452788436	0.20245227922657377	-0.025422489270567894
0.7270480591995322	0.20245227922657377	-0.025386659428477287
0.7260715084072761	0.20269060660172272	-0.025772277265787125
0.7266593377883763	0.20305893072695289	-0.02584225870668888
0.7272446496988938	0.2030872633519706	-0.025842878967523575
0.7278274602764603	0.2034555874772008	-0.02584579959511757
0.7284077855210734	0.20382391160243105	-0.02587670087814331
0.7289856412965605	0.20535292099624383	-0.025882938876748085
0.7288905773581724	0.20659406168489833	-0.02590547315776348
0.7288293685078374	0.20725118540832038	-0.025934649631381035
0.7289798349591949	0.2079878336587808	-0.02597665786743164
0.7292878943791122	0.20813949653387556	-0.026068877428770065
0.7285420251277879	0.20866128904461834	-0.02615164965391159
0.7282719788565111	0.20950843453264784	-0.026197433471679688
0.7288416392781955	0.20987675865787803	-0.026376228779554367
0.7294089161834713	0.20998199412222954	-0.026377879083156586
0.7288350884973792	0.21018010785625485	-0.026424389332532883
0.72893705243338	0.21054843198148507	-0.02643326111137867
0.726221087304394	0.21080625886914622	-0.026728015393018723
0.7277277700581376	0.21080625886914622	-0.02648913860321045
0.7292407176050361	0.21080625886914622	-0.026471443474292755
0.726151018306467	0.2110567734396153	-0.026757681742310524
0.7259658896839045	0.2121617458153059	-0.026813892647624016
0.7261868103498499	0.21278129101508172	-0.027015261352062225
0.7261330386653532	0.21296545307769682	-0.027065066620707512
0.7266942414549734	0.21320378045284577	-0.027074337005615234
0.7270486499591554	0.21353527216555296	-0.02708885632455349
0.7271975302653613	0.2138299314657371	-0.02714565023779869
0.7245979509736855	0.21416142317844428	-0.02725052833557129
0.7260707110366402	0.21416142317844428	-0.027172591537237167
0.7275494701222546	0.21416142317844428	-0.027157433331012726
0.7236372263765728	0.21439162575671314	-0.02732476033270359
0.7241955350101555	0.21475994988194336	-0.027334485203027725
0.7240795493884952	0.21538200840455435	-0.027336085215210915
0.7232933396982434	0.21648865498081418	-0.0273445937782526
0.7235400475425318	0.21677805250778073	-0.02735445834696293
0.7240940755033685	0.21707940861024183	-0.027434516698122025
0.7238958873523617	0.21726357067285698	-0.027676770463585854
0.7237211722805279	0.21749795875254893	-0.02777266502380371
0.7242715285110447	0.21786628287777912	-0.027773480862379074
0.7238256606611222	0.2188253207705187	-0.027781253680586815
0.7243736256201279	0.21906473145191832	-0.027791710570454597
0.7240707641266794	0.21931028086873847	-0.027874493971467018
0.7246160788220812	0.2198575052833662	-0.027904033660888672
0.7251592423747003	0.22110166730100891	-0.027928432449698448
0.7249128659133329	0.22132266177614704	-0.02796139381825924
0.7254533121492596	0.22159053386722352	-0.028030719608068466
0.7245709117103192	0.22190624026027797	-0.028251871466636658
0.7259916389881825	0.22190624026027797	-0.0281711146235466
0.724132296648385	0.2227911625816644	-0.028336025774478912
0.7246700504560879	0.22287616045671754	-0.02841571532189846
0.7252057118365234	0.2232444845819477	-0.02846558950841427
0.7249625939494623	0.22338260612890903	-0.028515595942735672
0.7254956121782425	0.22375093025413925	-0.028639376163482666
0.7257847889438551	0.22431662806821562	-0.028818940743803978
0.7257847889438551	0.22431662806821562	-0.028744522482156754
0.7254366610606712	0.22448662381832185	-0.028979327529668808
0.7257730066077605	0.22481811553102904	-0.029113471508026123
0.7256593405694121	0.2251917014294768	-0.029161198064684868
0.7238368909886864	0.2260061069952636	-0.029239578172564507
0.7252262132362655	0.2260061069952636	-0.029228895902633667
0.7239236861669696	0.22628943324544065	-0.02924163267016411
0.7244505493613075	0.22659637001646585	-0.029307879507541656
0.7245218907185331	0.22708114956364384	-0.029365329071879387
0.7246653852228705	0.22762280268898238	-0.02957948110997677
0.7229726291340633	0.2283717284102838	-0.02973935753107071
0.7243444937054752	0.2283717284102838	-0.02968260832130909
0.7234963103644337	0.22856816794373988	-0.029894180595874786
0.7234963103644337	0.22856816794373988	-0.029771503061056137
0.7240180154392178	0.2286239746293808	-0.030064186081290245
0.7231253261446052	0.2310180814433771	-0.030081119388341904
0.7234891256568646	0.2313032095490926	-0.030154120177030563
0.7234962243465756	0.23170222735142532	-0.030154315754771233
0.7240140216792599	0.23203371906413248	-0.030190877616405487
0.7240625936013547	0.2323114237617267	-0.030193910002708435
0.7238777753297103	0.2325416263399956	-0.030293546617031097
0.724019529938035	0.23275209726869858	-0.030363133177161217
0.7233707947522765	0.233488745519159	-0.0304143987596035
0.723795674451031	0.23383953040033056	-0.030572371557354927
0.7232269170292082	0.23456916295316757	-0.030600860714912415
0.7226294550753649	0.23489656217559443	-0.030636034905910492
0.7226799542357424	0.2351728052695171	-0.030728774145245552
0.7229604699737981	0.23554112939474728	-0.030775539577007294
0.7234697338157582	0.2356711261448285	-0.031023526564240456
0.7237936425610503	0.23600261785753568	-0.031262435019016266
0.7242995150105722	0.23613767003678673	-0.03132088854908943
0.7236489145309031	0.23675154357883707	-0.03147309273481369
0.724153204832854	0.2376232440085485	-0.0314907468855381
0.7239270605617559	0.23816735919354765	-0.03151695430278778
0.7241865871183103	0.2384521327379897	-0.03152342140674591
0.7241686182020988	0.2395391611178358	-0.03154756873846054
0.7246683127343413	0.239907485243066	-0.03157053142786026
0.7247141204870821	0.24038104483264766	-0.03163322061300278
0.7252110264067806	0.24085986619544694	-0.03170424699783325
0.7251517411201157	0.24198944906698627	-0.03171335905790329
0.7249543182321021	0.24245599295894454	-0.03173796087503433
0.7251488945608296	0.24282650948968207	-0.03175203874707222
0.7243433528987158	0.24319483361491231	-0.0320550836622715
0.7256414592659177	0.24319483361491231	-0.03199203312397003
0.7248355969113967	0.2435631577401425	-0.03214135393500328
0.7245621441030493	0.24404309523665457	-0.03214690834283829
0.7249533937477849	0.24464878379814423	-0.03230913728475571
0.7249978815031174	0.2447813804832271	-0.032338812947273254
0.7254854739117998	0.24502692990004724	-0.03241823986172676
0.7256173580287701	0.2452948019911237	-0.03244035691022873
0.726102133014585	0.2456243551558034	-0.03258903697133064
0.7265851980357233	0.24599267928103358	-0.03274449706077576
0.7270665621236886	0.24646889633183627	-0.03277624025940895
0.7265210438539926	0.24763196745347094	-0.032970163971185684
0.7262621426690226	0.24800029157870113	-0.03312478959560394
0.7266385250296516	0.2483469495789178	-0.03315345197916031
0.7262423038320474	0.24921298348362575	-0.03319360315799713
0.7264515735394153	0.24958130760885594	-0.03321394696831703
0.7269281387423083	0.24970408231726604	-0.0332622267305851
0.7270868407935074	0.25010092985960164	-0.03337924927473068
0.7275606483615743	0.25043242157230877	-0.03352946788072586
0.7280328136157136	0.2506288611057648	-0.03361959382891655
0.7275421762988084	0.250923520405949	-0.03368289768695831
0.7278688161785456	0.2512611508540767	-0.03382261097431183
0.7279931802885826	0.2518187526547724	-0.033836524933576584
0.7284613503741444	0.25218707678000263	-0.03385000675916672
0.728927911627797	0.2525554009052328	-0.03401090204715729
0.7292369390676995	0.2530480942156057	-0.034199170768260956
0.7259712699769485	0.2533345685352292	-0.03483528643846512
0.7259712699769485	0.2533345685352292	-0.034720949828624725
0.7272101287994348	0.2533345685352292	-0.034645985811948776
0.7284532230366988	0.2533345685352292	-0.03447549790143967
0.7284532230366988	0.2533345685352292	-0.03443053737282753
0.7297005744460082	0.2533345685352292	-0.03422984480857849
0.7257370251200449	0.25392574423202724	-0.03483542054891586
0.7256367358866775	0.25438314020453534	-0.03484107181429863
0.7261017583682255	0.2551862914220512	-0.03485540300607681
0.726411384680785	0.2559075928339603	-0.035087957978248596
0.7268735276120676	0.25611221734797707	-0.035101573914289474
0.7262690546357092	0.256310545723101	-0.03512871265411377
0.7267298811430566	0.25662975996496723	-0.035152241587638855
0.7271891586537405	0.2570092454273256	-0.03522859513759613
0.7273672529065585	0.2572723340882043	-0.03528207913041115
0.7271796772993191	0.2580557536561543	-0.03536033630371094
0.726931797184138	0.25842407778138454	-0.0353657528758049
0.7272359025462529	0.2589572462703541	-0.03536650538444519
0.7268571760420092	0.25931140408307546	-0.035514671355485916
0.7271036699254667	0.259817849755267	-0.035570669919252396
0.7275569860883812	0.2601861738804972	-0.035717956721782684
0.7264723603066316	0.2604808331806813	-0.03584979847073555
0.7276771237565597	0.2604808331806813	-0.035813990980386734
0.7267178605375297	0.2607386600683425	-0.03603731840848923
0.7271688211637054	0.2611069841935727	-0.03609482944011688
0.7272888066313106	0.2618436324440331	-0.036190468817949295
0.7274383017160976	0.26214498854649415	-0.03623794764280319
0.7272290434209971	0.2623659830216323	-0.03627723827958107
0.7276762089235858	0.26273430714686247	-0.036301691085100174
0.7267836247589513	0.2630691472607081	-0.036399129778146744
0.7279731233264782	0.2630691472607081	-0.03634868934750557
0.7266855546804973	0.26421248673277686	-0.036477912217378616
0.7266963816815607	0.2643745493478782	-0.036643363535404205
0.7248627678444064	0.2644312145979135	-0.03666282445192337
0.7260414064913079	0.2644312145979135	-0.03665700927376747
0.7243482534838926	0.2660079006497377	-0.03669021651148796
0.723772319501931	0.26667088407515205	-0.036836035549640656
0.7242185677741412	0.26705674744444086	-0.0370134599506855
0.7239959683044276	0.2674782739433154	-0.03702741861343384
0.7242614963568985	0.2679317579765849	-0.03703223913908005
0.7239009473273859	0.2682591571990118	-0.03719480708241463
0.7241434819223659	0.2692062763781752	-0.03722946345806122
0.7245855596756955	0.26957460050340537	-0.03727935999631882
0.7246706672246588	0.26986107482302885	-0.037298887968063354
0.7249773700991669	0.27053633571928426	-0.03734743222594261
0.7249085356680967	0.2712269434540909	-0.037397004663944244
0.7237542227132112	0.2713058700523545	-0.03753166273236275
0.7229116167151799	0.2715876470801784	-0.037557926028966904
0.7240609197624218	0.2715876470801784	-0.03754574432969093
0.7233507425207025	0.27184683813126637	-0.0376436710357666
0.7215052342753364	0.27221516225649656	-0.038038428872823715
0.7226450529708741	0.27221516225649656	-0.03798758611083031
0.7237884786876002	0.27221516225649656	-0.03769452124834061
0.7217688305818145	0.2724830343475731	-0.0380437858402729
0.7218918355651764	0.2726671964101881	-0.038091324269771576
0.7212070984382519	0.2727899711185982	-0.03819889947772026
0.7210666154428448	0.2734126142826779	-0.03838707506656647
0.7213727188093921	0.2738239095558516	-0.03854259103536606
0.7218080739362525	0.27401890468097345	-0.038623325526714325
0.7217963385857837	0.27459696893307084	-0.038699813187122345
0.7221098597454273	0.2751056070107697	-0.03877686336636543
0.7225420372574872	0.2756212607860919	-0.038798052817583084
0.7226905462340778	0.27688408635830974	-0.038803018629550934
0.7226553670926297	0.2775286535774626	-0.03886985778808594
0.7228827817215749	0.2778119798276397	-0.039021432399749756
0.7233110927235509	0.27840539091828836	-0.03905496746301651
0.7229664768397183	0.2785895529809035	-0.03909065201878548
0.7220407664765258	0.27872460516015457	-0.03910807520151138
0.7224683960665619	0.2789455996352927	-0.0391230583190918
0.7222802725702998	0.2792157039937948	-0.039159249514341354
0.7227062230724927	0.27955947317734303	-0.03921287879347801
0.722244272702671	0.2799277973025732	-0.03923867642879486
0.7226689756496089	0.28029612142780347	-0.03929585590958595
0.7230923817936552	0.2805877113602773	-0.039340659976005554
0.7231333995043356	0.2812747775169568	-0.03940002620220184
0.7233373712815633	0.28143263071348396	-0.039456747472286224
0.7237578312036277	0.28180095483871415	-0.03958522528409958
0.7229967756513039	0.28193600701796523	-0.03984501585364342
0.722658901748802	0.28212016908058035	-0.03985049948096275
0.7230784798096963	0.2823043311431954	-0.03987441211938858
0.7219770501434666	0.28248849320581054	-0.03991982340812683
0.7229303250063585	0.28248849320581054	-0.039877407252788544
0.722295357798873	0.28283226238935877	-0.039930444210767746
0.7223370189149649	0.2831085054832814	-0.040002334862947464
0.7227539302979755	0.28342016435847617	-0.040177926421165466
0.7221145635303567	0.2836964845572882	-0.04018078371882439
0.7219317572975269	0.2839174790324263	-0.04027049243450165
0.7212692744399224	0.28413414028256173	-0.04051054269075394
0.7223474048949895	0.28413414028256173	-0.040292251855134964
0.7206911284770213	0.2844615395049886	-0.040571730583906174
0.7207633600852859	0.2846150078905012	-0.04062029719352722
0.7206829786686163	0.2847110924449091	-0.040624212473630905
0.7210973956142118	0.28494129502317794	-0.040912430733442307
0.7215105846577463	0.285242651125639	-0.04103413224220276
0.721176235318531	0.2856870647801879	-0.04109189286828041
0.7212568707751166	0.2856870647801879	-0.041059065610170364
0.7194651636921257	0.28623428919481564	-0.041590068489313126
0.7205247589258402	0.28623428919481564	-0.04148278012871742
0.7215874798092116	0.28623428919481564	-0.04137137159705162
0.7198771091198906	0.28658507407598727	-0.041591353714466095
0.7202878464965476	0.28695339820121746	-0.04191872850060463
0.7200466571979517	0.287301259875046	-0.04194624349474907
0.7203097468804108	0.2875971784030087	-0.04198702052235603
0.7197734423980607	0.2880391673532849	-0.04213438928127289
0.7199389815976748	0.28846078686330223	-0.04213560372591019
0.7201227004689356	0.2886991142384512	-0.04257706552743912
0.7200450027453857	0.28888327630106625	-0.042625851929187775
0.7201610477341444	0.2897140323641042	-0.042627330869436264
0.7200168862956491	0.2899278979852056	-0.042656734585762024
0.7204220716989839	0.2904640142119295	-0.04289364814758301
0.7206655208567727	0.2907914134343564	-0.04304385185241699
0.7203952002398557	0.29171326225530375	-0.04304688423871994
0.7196890270017554	0.2931761390605766	-0.043329961597919464
0.720726042890807	0.2931761390605766	-0.04330797865986824
0.7196607381698564	0.29352911634725554	-0.04344596713781357
0.7183945978822001	0.2936825847327681	-0.04371540993452072
0.7194252931445848	0.2936825847327681	-0.04364010691642761
0.7183359780781321	0.2958942253128368	-0.04379411041736603
0.7175092603905239	0.2967255854812136	-0.043871376663446426
0.7185342736196532	0.2967255854812136	-0.04384905472397804
0.717911668851506	0.2968672486063021	-0.04388854652643204
0.7172968788328187	0.2969409134313481	-0.043974731117486954
0.7176984457662949	0.297177693226139	-0.04407338425517082
0.7180988735027966	0.2980401855527197	-0.04427138343453407
0.7183632687312089	0.2983734311898328	-0.04441468045115471
0.7186605928611102	0.29880752748028266	-0.044461242854595184
0.7184929931536792	0.2989303021886927	-0.0444665364921093
0.7187725046819063	0.2995229262619798	-0.04463060572743416
0.7186052194640445	0.30099622276290056	-0.0447392575442791
0.7188000684621862	0.3011301588084388	-0.04474659636616707
0.7191950121862563	0.301498482933669	-0.04476642608642578
0.7183475938514675	0.3018668070588992	-0.04484095051884651
0.7193550939830965	0.3018668070588992	-0.044795989990234375
0.7187415133006263	0.3022351311841294	-0.04494118690490723
0.7191343324161282	0.3027170219146389	-0.045016612857580185
0.7192161224375531	0.3030853460398691	-0.04511573165655136
0.7193872772296425	0.3034045602817353	-0.04529811814427376
0.7185701435086946	0.3034125673279359	-0.04539524018764496
0.7189610183093771	0.30372827372099037	-0.04548618942499161
0.7186573275766317	0.3043319160373399	-0.04550914466381073
0.719046998868077	0.3047002401625701	-0.045790791511535645
0.7194355922306385	0.3049107110912731	-0.04590044543147087
0.7192476056852001	0.30555527831042595	-0.045960769057273865
0.7192210572635653	0.3064699498880809	-0.04596085101366043
0.7189190998844144	0.3066771322085229	-0.045999787747859955
0.7185650687450114	0.3068408318197363	-0.04605754837393761
0.7185290009202349	0.3073758710753339	-0.046084847301244736
0.7179302913286726	0.3076521141692565	-0.04666789993643761
0.7189151065431152	0.3076521141692565	-0.0461629219353199
0.7183161596031887	0.30788855753353467	-0.046692851930856705
0.7187009735928018	0.30842690602768424	-0.04671727865934372
0.719084737612457	0.30865953179098754	-0.046751558780670166
0.7191647008824369	0.30894600611061107	-0.04677604138851166
0.7195467897247737	0.30931433023584126	-0.04686129838228226
0.7187955939054013	0.30955374091724086	-0.04691893234848976
0.7190263853504263	0.30970882475944306	-0.04693733528256416
0.7192565513443808	0.31020869321511263	-0.0470426045358181
0.7192981527634006	0.31080064270208974	-0.04705190286040306
0.7194072093137203	0.31117715180788064	-0.047105398029088974
0.7195159715143764	0.3112999265162907	-0.04710563272237778
0.7186425383606221	0.3113262353823786	-0.04711466282606125
0.7184444038156259	0.31239714701538485	-0.04735272750258446
0.7184868172513575	0.3135021193910755	-0.047486696392297745
0.7185291168255168	0.31383974983920315	-0.04779433459043503
0.7181404335972942	0.3141554562322576	-0.047958794981241226
0.7175571704058575	0.3143396182948727	-0.04797286540269852
0.7185177556406713	0.3143396182948727	-0.047967247664928436
0.7179342636362903	0.3147079424201029	-0.04806232452392578
0.7173770179514419	0.3153136309815926	-0.04829898104071617
0.7165697397798835	0.31533467807446286	-0.04858376085758209
0.7159714644167011	0.3164887603335175	-0.0486375093460083
0.7159692257047078	0.31675184899439623	-0.04888831451535225
0.7162439043484374	0.3169623199230992	-0.048920031636953354
0.7163548395744661	0.31725697922328333	-0.04893225058913231
0.716730031585611	0.31844752185029	-0.048969268798828125
0.7147534965464059	0.3185764352941206	-0.049537837505340576
0.7156964431117705	0.3185764352941206	-0.049340810626745224
0.7166418809494346	0.3185764352941206	-0.049118779599666595
0.7145440255714178	0.31874385535104344	-0.04974539577960968
0.7145326436100116	0.3190200984449661	-0.04982786625623703
0.7149072726866387	0.31930657276458957	-0.049842819571495056
0.7151498581745986	0.3194572508158201	-0.05012958124279976
0.7143144828064684	0.31960194957930343	-0.05023193359375
0.7137549149662427	0.3198267707985998	-0.05028956010937691
0.7146879279269828	0.3198267707985998	-0.05025108903646469
0.7135486576527997	0.3202704339494452	-0.050353143364191055
0.7128493372499124	0.3203354323244858	-0.0503799133002758
0.7124912756930205	0.3208042084838697	-0.05041918531060219
0.7125649633469657	0.3212785653118177	-0.050616949796676636
0.7126495454668499	0.3214627273744328	-0.05064089596271515
0.7124521692466604	0.3217389704683555	-0.050765298306941986
0.7120796979633012	0.3217389704683555	-0.05071017146110535
0.7123930148505623	0.3219026700795689	-0.05076939985156059
0.7126468185850658	0.3222375101934145	-0.05081777647137642
0.7126949541281263	0.32251375328733717	-0.05100804939866066
0.7123292867850677	0.32263652799574727	-0.05101022124290466
0.7124848189785744	0.32303554579807997	-0.051016177982091904
0.7118460426964897	0.32312762682938756	-0.05110929161310196
0.7120515907128766	0.32312762682938756	-0.05108488351106644
0.7104364985609852	0.32349595095461775	-0.05131380632519722
0.7113461483670813	0.32349595095461775	-0.05120302364230156
0.7108063114619291	0.32353278336714075	-0.051573336124420166
0.7110157421871052	0.32380902646106335	-0.05159718543291092
0.7107469323244464	0.3242052539291141	-0.05176667124032974
0.7111149387718708	0.3245735780543443	-0.05181789770722389
0.7114820100059601	0.32494190217957447	-0.05208326131105423
0.7115552952334027	0.3251874515963946	-0.052245598286390305
0.7099457086052398	0.3253979225250976	-0.05231616646051407
0.7095790154429201	0.3253979225250976	-0.052271388471126556
0.710477216728291	0.3253979225250976	-0.05226945877075195
0.7113776948230036	0.3253979225250976	-0.05225472152233124
0.709680959918474	0.3261450943219931	-0.05244465917348862
0.7098891702964104	0.32632925638460825	-0.052684273570775986
0.7097361465527892	0.3266361931556334	-0.052731018513441086
0.7097040791906825	0.3271231994989934	-0.05274168774485588
0.7098173739470304	0.3272459742074035	-0.052790164947509766
0.7100243697190266	0.3275682578169799	-0.05281646177172661
0.7101369800197538	0.32784450091090256	-0.052865006029605865
0.7104993087947291	0.32818771202759434	-0.053009819239377975
0.7098619813180814	0.32822863693039767	-0.05317048355937004
0.7097561683737946	0.328403190537572	-0.05321138724684715
0.7097025077240973	0.32858735260018707	-0.053294599056243896
0.7095971563463309	0.3289221927140327	-0.05333096906542778
0.7090770641469603	0.32904496742244277	-0.053683266043663025
0.7099579052204348	0.32904496742244277	-0.05345775932073593
0.7085595466614482	0.32937711685680215	-0.05383685603737831
0.7094375634478935	0.32937711685680215	-0.053820401430130005
0.7075816218548766	0.3296380131121735	-0.05412200838327408
0.7084562592119283	0.3296380131121735	-0.05383838713169098
0.707027346755338	0.32979509251852174	-0.05441272258758545
0.7073881505154915	0.33038441111889005	-0.05451824516057968
0.7074747306228251	0.3307569207455433	-0.0545990876853466
0.7074830979246222	0.33132136550888314	-0.054642897099256516
0.7077397648801339	0.33162830227990825	-0.054892897605895996
0.7076077308545453	0.3317861554764355	-0.05502501502633095
0.7074556202088647	0.3320010112161531	-0.055052950978279114
0.7076386119410577	0.33220191528446047	-0.055057380348443985
0.7079955855528512	0.33254512640115225	-0.05505824089050293
0.7075700989457392	0.33260651375535727	-0.05530063807964325
0.7073354283346974	0.33260651375535727	-0.05514399707317352
0.7079258530832748	0.33297483788058746	-0.05535105615854263
0.7082807426907071	0.33339038304751384	-0.055431563407182693
0.7062463628073805	0.33400513355176714	-0.05568969249725342
0.7071024190047228	0.33400513355176714	-0.05547984689474106
0.7079605530083694	0.33400513355176714	-0.05545319616794586
0.7062388097689193	0.3342629604394282	-0.05608034506440163
0.7058831647159163	0.33436819590377975	-0.05641799047589302
0.7057209758217217	0.33454755373867445	-0.05648596212267876
0.7060755288629003	0.33491587786390464	-0.05659183859825134
0.706308891644052	0.33524736957661183	-0.05673326924443245
0.7045176126573228	0.33588170557006386	-0.05710432678461075
0.7053633720962872	0.33588170557006386	-0.05694130063056946
0.706211164610826	0.33588170557006386	-0.056921131908893585
0.7043924418637213	0.3368650837633868	-0.05729727819561958
0.7043871877466594	0.3369939972072174	-0.05738414451479912
0.7047403691233062	0.33716399295732363	-0.057486001402139664
0.704694935110828	0.3376945550900957	-0.057528600096702576
0.704694935110828	0.3376945550900957	-0.05749458819627762
0.7050469077745816	0.33771911003177774	-0.05760492384433746
0.7035915610095376	0.33774744265679546	-0.05786709487438202
0.704315791325932	0.33774744265679546	-0.05780477449297905
0.7035872954976498	0.33797060374443494	-0.058099061250686646
0.7039389119917213	0.33833892786966513	-0.05820596218109131
0.7041819830783317	0.33836726049468285	-0.05824049562215805
0.7034037750805106	0.3386222541198422	-0.058430347591638565
0.7042362055835644	0.3386222541198422	-0.05826317518949509
0.7033604018710491	0.33881199685102137	-0.058434441685676575
0.7028813432093977	0.3390798689420979	-0.058465976268053055
0.7037102127178992	0.3390798689420979	-0.05843646079301834
0.7018169922265318	0.33916756516239077	-0.05883628502488136
0.7026426592762101	0.33916756516239077	-0.058715272694826126
0.7026426592762101	0.33916756516239077	-0.058684587478637695
0.7000346530657049	0.3397405138016378	-0.059098877012729645
0.7008553267504243	0.3397405138016378	-0.05902278423309326
0.7016779268991924	0.3397405138016378	-0.05883912742137909
0.7002685306644583	0.34001675689556043	-0.05920078605413437
0.6996455780452492	0.3403359711374266	-0.059226568788290024
0.7004629210102553	0.3403359711374266	-0.059223052114248276
0.6988831176343043	0.3403694551488112	-0.05928843095898628
0.6983023456696544	0.34047995238638024	-0.05936439707875252
0.6981686607715888	0.34155929661489576	-0.05942650884389877
0.6977062116882305	0.3417938277886534	-0.05956120789051056
0.6980569005377801	0.34200254479295056	-0.05963936820626259
0.6969058282004096	0.34230743531883556	-0.059728216379880905
0.6976618668837884	0.34230743531883556	-0.05964573100209236
0.6964855131774419	0.3423688226730406	-0.06039978191256523
0.6967076879761849	0.34282356130457475	-0.060411352664232254
0.6961702733773302	0.34292791980672327	-0.060491763055324554
0.6963557256627745	0.34329624393195346	-0.060525231063365936
0.6959043331899866	0.3434945723070774	-0.06082746013998985
0.6967051436999865	0.3434945723070774	-0.0607588030397892
0.6957131821354697	0.3448573715704292	-0.061041127890348434
0.6959904605963235	0.3451823634456323	-0.06121356040239334
0.6958932333918731	0.34610195132654614	-0.06128430739045143
0.6961140522196729	0.34642935054897295	-0.061560433357954025
0.6964613504457076	0.34653984778654207	-0.06160106509923935
0.6965224676255639	0.347294912243264	-0.061936356127262115
0.6968685081413845	0.34766323636849417	-0.06198856607079506
0.6964205706939638	0.3480806703770884	-0.06251270323991776
0.6972137604100161	0.3480806703770884	-0.062148530036211014
0.6967655473181752	0.34855335300446716	-0.06255415827035904
0.6966052635590804	0.3488602897754923	-0.06265159696340561
0.6960422190425736	0.34891290750766807	-0.06268122047185898
0.6963864520900904	0.34928123163289826	-0.0627579614520073
0.6967299063298074	0.3496035152424747	-0.06310847401618958
0.6970725844017511	0.3496885131175278	-0.06317510455846786
0.6970672064197037	0.3500010339641187	-0.06326983869075775
0.6967824006001149	0.350590352564487	-0.06352481245994568
0.6958576129400793	0.3510231334116325	-0.0640014111995697
0.6966412363780748	0.3510231334116325	-0.06371141225099564
0.696038832315588	0.35116125495859385	-0.06408442556858063
0.6963799784072653	0.3515909664380291	-0.0641811341047287
0.6965602058497941	0.3519066728310835	-0.0642928034067154
0.6955422067559638	0.35209083489369863	-0.06461489945650101
0.6963202181729168	0.35209083489369863	-0.06444952636957169
0.6963400936371963	0.35209083489369863	-0.06434061378240585
0.6956029855430665	0.3523670779876213	-0.06475798040628433
0.6955707265476636	0.3525307775988347	-0.06514216959476471
0.6959097346472765	0.3527149396614498	-0.06516467779874802
0.6954743796813936	0.3531130042439968	-0.06519702821969986
0.6962479885575686	0.3531130042439968	-0.06517397612333298
0.6954424066369822	0.3533585536608169	-0.06523774564266205
0.695558324146254	0.353481328369227	-0.0655883178114891
0.6951214183916757	0.3536209677353857	-0.0661444365978241
0.6951713867398392	0.3536209677353857	-0.06603271514177322
0.6954583008022927	0.353790963485492	-0.06632960587739944
0.6953214026462511	0.3541592876107222	-0.0665976032614708
0.6937898577065016	0.3542513686420297	-0.06666332483291626
0.6945547858847888	0.3542513686420297	-0.06662397086620331
0.6941267225495088	0.35449691805884986	-0.06689012050628662
0.6939627658467535	0.3546196927672599	-0.06709904968738556
0.6936386712060478	0.3546196927672599	-0.06693156808614731
0.6942983329894654	0.3547117737985675	-0.067205049097538
0.6936943448294081	0.3547731611527725	-0.06724945455789566
0.6937012437956779	0.35528062994753407	-0.06761934608221054
0.694035996534699	0.3556489540727643	-0.06765060126781464
0.6941516777611896	0.3565352071689621	-0.06769178062677383
0.6941630543838568	0.35680332546600463	-0.06785766035318375
0.6930364113672114	0.35696117866253185	-0.06799525767564774
0.6937913529917944	0.35696117866253185	-0.06786724179983139
0.6930077486012325	0.3572142834460234	-0.06809965521097183
0.6932505921604785	0.3575519138941511	-0.06834825128316879
0.6934846922873011	0.3578867540079968	-0.0684584528207779
0.6934556370049385	0.35802317035067466	-0.0686381608247757
0.6933938491254567	0.3585965580487321	-0.06865178793668747
0.69354513505433	0.358826760627001	-0.06922073662281036
0.6932713282130187	0.35900069146391517	-0.06997592747211456
0.6933532693575901	0.3594067924225024	-0.07021547108888626
0.6934143110931962	0.35952956713091244	-0.0704735815525055
0.6911811034193065	0.360403313805764	-0.07094451785087585
0.691923510619542	0.360403313805764	-0.0707826018333435
0.6926675143944018	0.360403313805764	-0.07073015719652176
0.6934131198996702	0.360403313805764	-0.07067035883665085
0.6909761933406149	0.3605567821912766	-0.07102979719638824
0.6899438021962143	0.361170655733327	-0.07209937274456024
0.6899438021962143	0.361170655733327	-0.07170788198709488
0.6906825000572381	0.361170655733327	-0.07111923396587372
0.6896815165575906	0.36146531503351115	-0.07238304615020752
0.6900126995708695	0.36178102142656565	-0.0728607177734375
0.6900385769852777	0.3619651834891807	-0.07337570935487747
0.6903686743473808	0.362208844064333	-0.07348721474409103
0.6904321119278622	0.36230929609848667	-0.07353122532367706
0.690052623321492	0.36251976702718963	-0.07358254492282867
0.6893200833816602	0.3625598022581929	-0.0737006887793541
0.6895169867927082	0.3633823928045404	-0.07375913858413696
0.6897495862866682	0.36403820108465806	-0.07400058209896088
0.690077893602767	0.36440652520988825	-0.07499691098928452
0.6898769655968444	0.3646766295683904	-0.07540136575698853
0.6891484788327505	0.36474359759115954	-0.07543422281742096
0.6894763812812392	0.3651119217163898	-0.0755886435508728
0.6898035926813644	0.36548024584162	-0.07574544847011566
0.6895160801276646	0.36575904674196785	-0.07579727470874786
0.6897023583469485	0.366078260983834	-0.0758211612701416
0.6900283012478446	0.3671700789264807	-0.07606110721826553
0.6892805130551517	0.3674156283433008	-0.07644599676132202
0.6900037874654928	0.3674156283433008	-0.07617472857236862
0.6888379854673105	0.3675537498902621	-0.07684828341007233
0.6890683755547828	0.3681187925823767	-0.07711364328861237
0.6893932779836702	0.3683807119603182	-0.07713200151920319
0.6889982972162381	0.36864672382853997	-0.07741578668355942
0.6897175021193865	0.36864672382853997	-0.07715636491775513
0.6889055906566379	0.36891836287089724	-0.0775594711303711
0.6886346914244992	0.36939627703141764	-0.0779084786772728
0.688958355986428	0.36976460115664783	-0.07834436744451523
0.6884506110684773	0.36984645096225455	-0.0783480703830719
0.6882950207441962	0.3699896881220663	-0.07887856662273407
0.688358963727881	0.37121264564336637	-0.07906462997198105
0.6882379177731198	0.37142311657206933	-0.07908990979194641
0.6882156103779736	0.3716598963668602	-0.07936717569828033
0.6885377016895666	0.37187036729556316	-0.07942429184913635
0.6886011302739942	0.3720282204920904	-0.07953055202960968
0.6867980423797538	0.3725017800816721	-0.08045949786901474
0.6875046247278812	0.3725017800816721	-0.08021382242441177
0.6882126624464474	0.3725017800816721	-0.07990498095750809
0.6889221600365985	0.3725017800816721	-0.07973287999629974
0.6864779211863454	0.3726245547900821	-0.0805853083729744
0.6864576019509406	0.3728133939844462	-0.08097640424966812
0.6866080893806358	0.3729668623699588	-0.08106078207492828
0.686463612877129	0.3739178941497199	-0.08152782171964645
0.6864316817646797	0.37410205621233494	-0.08202208578586578
0.6866563903690746	0.37410205621233494	-0.08154482394456863
0.6863434861710423	0.3744089929833601	-0.08222339302301407
0.6866632175816733	0.3747773171085903	-0.08255936950445175
0.685774787840917	0.3752991096193331	-0.08350471407175064
0.6864731328387184	0.3752991096193331	-0.083375945687294
0.6860941224061194	0.37552010409447123	-0.08357492089271545
0.6858487927838233	0.3756540401400095	-0.08406507968902588
0.6855335303164969	0.37619649185649434	-0.08415215462446213
0.6851935773982432	0.37653412230462197	-0.0844552218914032
0.6853435164224688	0.37698429623545887	-0.08449327200651169
0.6855632621409261	0.37719476716416184	-0.08478730916976929
0.6856616726242661	0.37719476716416184	-0.0846799984574318
0.6856563141244144	0.37748124148378537	-0.08498583734035492
0.683793262498677	0.37804425121806584	-0.08631923049688339
0.684481183285899	0.37804425121806584	-0.0861201360821724
0.685170489613478	0.37804425121806584	-0.08596272766590118
0.6858611856715561	0.37804425121806584	-0.0850023627281189
0.6838597351266904	0.3782073661878107	-0.0866655558347702
0.6826660989723636	0.3782923640628638	-0.08722779899835587
0.6833508192321153	0.3782923640628638	-0.08702729642391205
0.6828586253998187	0.378550190950525	-0.08842981606721878
0.6827313223299746	0.3793394569331612	-0.08866185694932938
0.6821741481817928	0.379385497448815	-0.08880586922168732
0.6824081726513385	0.3797176468831744	-0.08882015198469162
0.6827248145529822	0.3800859710084046	-0.08954048901796341
0.6830408256938657	0.3803990465148503	-0.08954610675573349
0.6830719151352507	0.38113569476531073	-0.08979982137680054
0.6831881458359116	0.3812958356893238	-0.09029658883810043
0.6835027554229662	0.3816871800723809	-0.09067916870117188
0.683469383591933	0.3820555041976111	-0.0910039022564888
0.6838167407846498	0.3820555041976111	-0.09077410399913788
0.6836590178656043	0.3823777878071876	-0.09151792526245117
0.6832465625231722	0.38295132108790325	-0.09175138920545578
0.6834497664029802	0.3831187411448261	-0.09194199740886688
0.6834331986835959	0.3833696872521258	-0.09229648858308792
0.6836221205783852	0.38413907542482884	-0.09244609624147415
0.6824659097998846	0.3845639038192705	-0.09326446056365967
0.683137628215042	0.3845639038192705	-0.09306053072214127
0.6838106702132835	0.3845639038192705	-0.0929964929819107
0.6824503899146849	0.3846621235859986	-0.09393595904111862
0.6823845746305534	0.38543556489811387	-0.09409821033477783
0.6826142629560789	0.3857249624250805	-0.09418635070323944
0.6829251206809016	0.38614899944320263	-0.09447427839040756
0.6832353700735816	0.3865173235684328	-0.09471764415502548
0.6835450129180844	0.38674241053385133	-0.095061756670475
0.6832037699829429	0.3872781547160044	-0.095550037920475
0.6832495123009305	0.3872781547160044	-0.09517228603363037
0.6820829767801092	0.38772014366628066	-0.09581685811281204
0.6827471276825242	0.38772014366628066	-0.09581024199724197
0.6831876519485215	0.38772014366628066	-0.09568820148706436
0.6820679949432643	0.38866803663562305	-0.09647054970264435
0.6819519095112805	0.38914159622520483	-0.09661831706762314
0.6821391530520068	0.3895099203504349	-0.09669174998998642
0.6818508548267774	0.3896736199616484	-0.09697005897760391
0.6813379260295626	0.3899805567326735	-0.09712183475494385
0.6819974980779939	0.3899805567326735	-0.09705402702093124
0.6810937071914388	0.39033967275477305	-0.09745027869939804
0.6814015317983968	0.39047647885843	-0.09747660905122757
0.6810951044424065	0.39077113815861414	-0.0975768193602562
0.6806958477586148	0.39122209604051117	-0.09770110994577408
0.6803483557436943	0.3916017221919931	-0.09801557660102844
0.681003166480695	0.3916017221919931	-0.09789832681417465
0.6797014739845211	0.39173565823753126	-0.09815337508916855
0.6799288877970759	0.39210398236276145	-0.09817714244127274
0.6802357632641929	0.3923986416629457	-0.09867744892835617
0.680158909084821	0.3927136557174189	-0.09876193851232529
0.6796820280060969	0.39278732054246496	-0.09918028116226196
0.6796058501590547	0.392910095250875	-0.09925607591867447
0.6798057384481949	0.39358881902352144	-0.10020340979099274
0.6799204276290649	0.3937269405704828	-0.1007143035531044
0.6802255559154052	0.3938251603372108	-0.10134176909923553
0.6796231026475098	0.3943957704105833	-0.10141858458518982
0.6802703627452693	0.3943957704105833	-0.10140200704336166
0.6792147156678069	0.39444488029394736	-0.10196992009878159
0.6792819381600501	0.39472112338786997	-0.10223883390426636
0.6791494649477672	0.394868914886395	-0.10229481011629105
0.6792429515002126	0.3952372390116252	-0.10231079161167145
0.6792626077961406	0.3954950658992863	-0.10231395065784454
0.6795660490375822	0.3961423255462551	-0.10255065560340881
0.6797901517007476	0.3965106496714853	-0.10263527929782867
0.6794787351269037	0.3966825342632594	-0.10269547253847122
0.6796238809742683	0.3973490255374855	-0.10288965702056885
0.6788924024624688	0.3974871470844468	-0.1037924587726593
0.6793872622632383	0.3974871470844468	-0.10302332043647766
0.6788809012999141	0.39769761801314985	-0.10381384938955307
0.6791827049641059	0.3978423167766331	-0.1040024384856224
0.6794361815294373	0.398072519354902	-0.10439829528331757
0.6794839418608533	0.398072519354902	-0.10419493913650513
0.6784759389922411	0.39814618417994807	-0.10574832558631897
0.6791118114748955	0.39814618417994807	-0.10554168373346329
0.6788984988343967	0.3986372830135883	-0.10597848892211914
0.678691668618152	0.3986372830135883	-0.10575561970472336
0.679198313494682	0.39889510990124943	-0.10598315298557281
0.6779994355240264	0.3991713529951721	-0.10722589492797852
0.6786313082505167	0.3991713529951721	-0.1069495752453804
0.679264359844034	0.3991713529951721	-0.1065472662448883
0.6782989709328413	0.39953967712040234	-0.10750066488981247
0.6783444855762799	0.4004463211209689	-0.10812799632549286
0.6781788918106566	0.4007309352177377	-0.1082020029425621
0.6776140048694879	0.4007861838365222	-0.10893786698579788
0.6763591641197296	0.4008711817115753	-0.10934172570705414
0.6769860030114068	0.4008711817115753	-0.10923159867525101
0.6763673158140909	0.401147424805498	-0.10981333255767822
0.6765660474091655	0.401147424805498	-0.10974828898906708
0.6760505716012739	0.40121439282826715	-0.10988157242536545
0.6757959124023797	0.4015388688433508	-0.11011186987161636
0.6754721630241065	0.40163932087750454	-0.11026034504175186
0.6760947180130688	0.40163932087750454	-0.11025635153055191
0.6754257304914256	0.40207414796979024	-0.11049117892980576
0.6757240524303122	0.40244247209502043	-0.11069466918706894
0.6754016229763116	0.4029077236216269	-0.112066850066185
0.6760218264868499	0.4029077236216269	-0.11204173415899277
0.6750880865055114	0.40292373771402823	-0.11234372109174728
0.6747369679891755	0.40382900187896087	-0.11256304383277893
0.6744147755620685	0.40529884368029445	-0.11263877898454666
0.6744076931956193	0.4055750867742171	-0.1132592111825943
0.6743397409643905	0.4061977299382967	-0.11350606381893158
0.6737180337490194	0.4063679637776888	-0.11394358426332474
0.6743327399841919	0.4063679637776888	-0.11374084651470184
0.6735184230211472	0.40658329172782337	-0.11432936787605286
0.673019316175814	0.40670606643623347	-0.1145399734377861
0.6731347531611087	0.40692706091137154	-0.11531861871480942
0.6719698080555532	0.40695161585305356	-0.11621473729610443
0.6725801348566935	0.40695161585305356	-0.11538457870483398
0.6717092872727425	0.4070989455031457	-0.11624614894390106
0.6716184532909996	0.40712196576097254	-0.11630498617887497
0.6719156311613245	0.4072877116173262	-0.11691416054964066
0.6715341522904733	0.4073546796400953	-0.11716918647289276
0.6718308694067421	0.4073956045428987	-0.11751484125852585
0.670735831020958	0.4079051195828004	-0.1187601089477539
0.671340642410517	0.4079051195828004	-0.1187480166554451
0.6719465455173858	0.4079051195828004	-0.11785880476236343
0.6710321984097781	0.4080432411297617	-0.11895690858364105
0.6712530927157645	0.4082120563538255	-0.11929360032081604
0.6707661033213016	0.4083637192289203	-0.1201227679848671
0.6713687682838545	0.4083637192289203	-0.11997902393341064
0.670222203227119	0.4084770497289911	-0.12344766408205032
0.6708227607568924	0.4084770497289911	-0.12311973422765732
0.6706770113644471	0.4084770497289911	-0.12066765874624252
0.6702754253839963	0.4086980442041292	-0.12403648346662521
0.6705171744228013	0.4086980442041292	-0.12373561412096024
0.670212679468475	0.40878304207918237	-0.12497404217720032
0.6695394002308436	0.4095933551546888	-0.12660473585128784
0.6694231251864861	0.4095933551546888	-0.12637615203857422
0.6700202912214428	0.4095933551546888	-0.12524069845676422
0.6689437246078623	0.4096301875672119	-0.1266505867242813
0.6690602190748777	0.4099774645995718	-0.12670181691646576
0.6688427759052679	0.410296678841438	-0.1279563456773758
0.6686968215508506	0.410296678841438	-0.1279466301202774
0.6692906908417484	0.410296678841438	-0.12709730863571167
0.6679539686322792	0.41058315316106153	-0.12852489948272705
0.6685456019083041	0.41058315316106153	-0.1284254640340805
0.6676572301717981	0.4107795926945175	-0.1293896734714508
0.6682475548669102	0.4107795926945175	-0.12915058434009552
0.6673615384078267	0.4113811887657269	-0.1303161084651947
0.6676563558880337	0.4113811887657269	-0.129675954580307
0.6659305053249565	0.4114338064979026	-0.13088084757328033
0.6665167117557003	0.4114338064979026	-0.1306549608707428
0.6671039511493176	0.4114338064979026	-0.13035698235034943
0.6658078210403772	0.4116640090761715	-0.13283877074718475
0.665689656970263	0.41169749308755604	-0.1349000632762909
0.6658085750751676	0.41169749308755604	-0.1345643699169159
0.6658085750751676	0.41169749308755604	-0.1330300122499466
0.6657635485943031	0.4119737361814787	-0.13579218089580536
0.6656183966253063	0.4121263276047883	-0.1360306292772293
0.6654734986405073	0.41218004153971777	-0.13613109290599823
0.6647477807389518	0.41239343567576375	-0.13743573427200317
0.6653288539738634	0.41239343567576375	-0.1368357539176941
0.6647047064236339	0.41297860863662733	-0.137797012925148
0.6645126748090052	0.4131013833450374	-0.13859400153160095
0.6645435871131785	0.41333577142472927	-0.13877828419208527
0.6630958390384029	0.4135015172810829	-0.14004895091056824
0.6636724441158275	0.4135015172810829	-0.13895899057388306
0.663965220196631	0.4135015172810829	-0.13888667523860931
0.6624793541618268	0.41442645943530676	-0.1428249180316925
0.6630544230456478	0.41442645943530676	-0.1417386829853058
0.6616887100038689	0.4145938794922296	-0.14335131645202637
0.662262097100926	0.4145938794922296	-0.14288878440856934
0.6598467340952315	0.4150871707313772	-0.14409109950065613
0.6604165499277835	0.4150871707313772	-0.14378155767917633
0.6609873507488101	0.4150871707313772	-0.14347727596759796
0.6614767532189751	0.4150871707313772	-0.14344772696495056
0.6587237301373229	0.4157646638950582	-0.14507029950618744
0.6592906180290073	0.4157646638950582	-0.14478163421154022
0.6591694213175767	0.4157646638950582	-0.14460895955562592
0.6597376708187126	0.4157646638950582	-0.14458565413951874
0.6560831339975706	0.4160378509085767	-0.15198162198066711
0.6566443685005624	0.4160378509085767	-0.15135765075683594
0.657206564021539	0.4160378509085767	-0.14979496598243713
0.6577697230309832	0.4160378509085767	-0.14935104548931122
0.6583338480078538	0.4160378509085767	-0.14907792210578918
0.6581078954074735	0.4160378509085767	-0.1477000117301941
0.6586732801973424	0.4160378509085767	-0.14739085733890533
0.6560921720271768	0.4160824962570895	-0.1529029756784439
0.6556948887664679	0.41615616108213555	-0.15370099246501923
0.6557042423708158	0.4162723585740236	-0.15373080968856812
0.6559975096260365	0.4163198842676017	-0.15446360409259796
0.6560471166087257	0.4165829729284804	-0.15520693361759186
0.655675753623834	0.41742091031337913	-0.15706086158752441
0.6562333010333782	0.41742091031337913	-0.1564091444015503
0.6550257305214007	0.41756823996347125	-0.16129474341869354
0.6547331314802822	0.41756823996347125	-0.15927869081497192
0.6552889321012332	0.41756823996347125	-0.1574316918849945
0.6542383014890696	0.41802864512000903	-0.1667545735836029
0.6547922712617107	0.41802864512000903	-0.16322706639766693
0.65360238844226	0.4180784186504456	-0.16845309734344482
0.6541548841214166	0.4180784186504456	-0.16720332205295563
0.6535963135882258	0.4190452694791749	-0.17041265964508057
0.6538947071018024	0.4190452694791749	-0.16952753067016602
0.6534669148404681	0.41909788721135066	-0.17105434834957123
0.6536383592363456	0.4192820492739658	-0.171647310256958
0.6536238304534417	0.420183347178026	-0.17207765579223633
0.6539149028648253	0.4204780064782102	-0.17342332005500793
0.653572763766059	0.42053062421038595	-0.18067407608032227
0.6537856712083477	0.42053062421038595	-0.1741168051958084
0.6524201403702725	0.420714786273001	-0.19058825075626373
0.6529665558982208	0.420714786273001	-0.19030903279781342
0.6534440355483171	0.420714786273001	-0.1850919872522354
0.6521654701273815	0.4208152383071547	-0.195065438747406
0.652710758982003	0.4208152383071547	-0.19116368889808655
0.651829772739963	0.4209988157283012	-0.19561129808425903
0.6517150570948802	0.42112159043671127	-0.19617879390716553
0.6519219612139678	0.42146324856192474	-0.1962357759475708
0.6514457564169537	0.4215158662941005	-0.19753995537757874
0.6514980359160125	0.4219148840964332	-0.19820599257946014
0.6505906641345711	0.4225305115628894	-0.1993863433599472
0.6509695231210246	0.4225305115628894	-0.19921952486038208
0.6515106449191302	0.4225305115628894	-0.19825983047485352
0.6500512025556867	0.42260943816115293	-0.19941802322864532
0.6483956595019813	0.42360726170041296	-0.20922249555587769
0.6489315236833879	0.42360726170041296	-0.20855049788951874
0.6492525013165277	0.42360726170041296	-0.20681440830230713
0.6497899619964255	0.42360726170041296	-0.20270149409770966
0.6501754351964856	0.42360726170041296	-0.20035748183727264
0.6476170870320423	0.4236460326609635	-0.21775832772254944
0.6481509840535031	0.4236460326609635	-0.21695682406425476
0.6486857620931513	0.4236460326609635	-0.21009401977062225
0.646925731177175	0.42371969748600957	-0.2187279313802719
0.6474581803386378	0.42371969748600957	-0.2185669243335724
0.6449454183276916	0.4241596401911456	-0.23712924122810364
0.6451325320585614	0.4241596401911456	-0.22874465584754944
0.6456617630118497	0.4241596401911456	-0.22463463246822357
0.6461918629814818	0.4241596401911456	-0.22377817332744598
0.6467228341096506	0.4241596401911456	-0.22375959157943726
0.6446952876369861	0.42417805639740713	-0.24001336097717285
0.6445769758727694	0.42432538604749914	-0.24363833665847778
0.644340261603002	0.4248866418573738	-0.25211235880851746
0.6446305960833261	0.4255163007190768	-0.25322991609573364
0.6427359480895642	0.4255426095851647	-0.26408320665359497
0.6432593486987577	0.4255426095851647	-0.2583855986595154
0.6437836024466784	0.4255426095851647	-0.25690802931785583
0.6443087114209416	0.4255426095851647	-0.2546185255050659
0.6346449415451776	0.4257302794965915	-0.7946622967720032
0.6351542874051657	0.4257302794965915	-0.5456002354621887
0.6356644514914349	0.4257302794965915	-0.4650540351867676
0.6361754357771997	0.4257302794965915	-0.44699808955192566
0.6366872422420244	0.4257302794965915	-0.44062691926956177
0.637199872871849	0.4257302794965915	-0.4277495741844177
0.6377133296590141	0.4257302794965915	-0.4249474108219147
0.6382276146022874	0.4257302794965915	-0.4051527678966522
0.6386418418941375	0.4257302794965915	-0.39955952763557434
0.6391577076791893	0.4257302794965915	-0.3788301646709442
0.6394049383779329	0.4257302794965915	-0.34224823117256165
0.6397604439915072	0.4257302794965915	-0.3383123278617859
0.640076039492715	0.4257302794965915	-0.3324025273323059
0.6405947396867934	0.4257302794965915	-0.329297810792923
0.6411142812437169	0.4257302794965915	-0.29596829414367676
0.641634666212259	0.4257302794965915	-0.28823167085647583
0.6421558966478497	0.4257302794965915	-0.27783530950546265
0.642677974612604	0.4257302794965915	-0.2692577838897705
