Precision	Recall	Confidence
0.9	0.00036832412523020257	-0.0001152789918705821
0.9166666666666667	0.0007120933087783917	-0.00011706352233886719
0.9444444444444445	0.0010804174340085942	-0.0001182989653898403
0.9391025641025641	0.001420408934221089	-0.00012404267909005284
0.8806938159879337	0.0016905132927232374	-0.0001277582923648879
0.8907742584213173	0.002037171292939899	-0.00012861307186540216
0.8905049199166847	0.0023645705153667457	-0.00012912749662064016
0.8863346620699563	0.0031012187658271506	-0.00013174329069443047
0.8220410671391065	0.003423502375403578	-0.00013235947699286044
0.8244523450405803	0.004126666614479419	-0.00013246989692561328
0.8339177162706574	0.0047054616684125946	-0.00013310258509591222
0.8477579065814359	0.005073785793642797	-0.00013508796109817922
0.8265018038773694	0.006055983460923339	-0.00013811173266731203
0.8334000266773376	0.006395974961135833	-0.00013850984396412969
0.8291220761808997	0.007058214297408319	-0.00014004341210238636
0.8398019464195935	0.007426538422638521	-0.00014396336337085813
0.849225361336088	0.007979024610483826	-0.0001453679578844458
0.7966753233007102	0.008236851498144966	-0.00014777410251554102
0.8409350634840831	0.008236851498144966	-0.00014562011347152293
0.8022961025902202	0.008571691611990605	-0.00014918380475137383
0.8064195686044426	0.008899090834417452	-0.00014925003051757812
0.8152186791224225	0.009267414959647656	-0.00015000735584180802
0.8196294611895635	0.00960504540777534	-0.00015399766562040895
0.827144900306665	0.010237335156087188	-0.00015614791482221335
0.8340591042943984	0.010605659281317391	-0.000156402587890625
0.8167728073836671	0.01091259605234256	-0.00015926361083984375
0.8235589997027906	0.011485544691589543	-0.00016104090900626034
0.8111529810059223	0.01237147582613946	-0.00016754471289459616
0.8176649471781318	0.012739799951369663	-0.00017363230290357023
0.8237427822721941	0.013108124076599866	-0.00017442200623918325
0.8208263484354567	0.013460078240708722	-0.00017648714128881693
0.8264255250468486	0.013828402365938925	-0.00017721512995194644
0.8107063366421655	0.014150685975515352	-0.00017768368707038462
0.8162737973291607	0.014570166229249748	-0.00017918559024110436
0.8215231174054705	0.014938490354479951	-0.00018034990353044122
0.8181474752553185	0.015593288799333645	-0.0001825533399824053
0.8230624083565261	0.01596161292456385	-0.00018658637418411672
0.8160227543354479	0.016274568063648333	-0.00019043684005737305
0.820740119608898	0.016642892188878534	-0.00019100189092569053
0.8231382832853422	0.01698052263700622	-0.00019214027270209044
0.8166118752919326	0.01758211870821555	-0.0001965165138244629
0.813652251887546	0.017993775083472836	-0.0002048015594482422
0.8082959979676806	0.018208630823190453	-0.00020644778851419687
0.8126529071047788	0.018576954948420658	-0.00020837783813476562
0.8152288742484821	0.018918970207562988	-0.00021076202392578125
0.8170717248082977	0.01925046192027017	-0.00023409198911394924
0.8162356833821165	0.019659710948303728	-0.00024021996068768203
0.8131196622005445	0.020028035073533932	-0.00024078006390482187
0.8125603688028658	0.020317432600500517	-0.0002448341983836144
0.8163091614268084	0.020661201784048705	-0.0002459344977978617
0.8152973324253601	0.02100321704319104	-0.00024762062821537256
0.8171010550535437	0.021338057157036676	-0.0002494169457349926
0.8100697982495983	0.02195337510742125	-0.00025222779368050396
0.8121625227834378	0.02224803440760541	-0.00026645659818314016
0.8144413860055572	0.022616358532835612	-0.0002807998680509627
0.8123977898268865	0.022874185420496757	-0.0002870870812330395
0.8142270683679352	0.023440837920850915	-0.0002895990910474211
0.8174300499477984	0.02415906996504981	-0.00029645938775502145
0.8087904271977053	0.024385730965191477	-0.00030354090267792344
0.811977253411077	0.024754055090421678	-0.0003121832269243896
0.8150595935190921	0.025122379215651882	-0.00032318339799530804
0.8168904295683234	0.02542164256740142	-0.00032416635076515377
0.818353929243285	0.02575648268124706	-0.0003268154105171561
0.8194560379877475	0.02608388190367391	-0.0003338813839945942
0.8200358352055184	0.02639958829672836	-0.0003548264503479004
0.8216803138928807	0.02686437826428076	-0.00037528728717006743
0.8176253838347779	0.027969350639971368	-0.0003914656408596784
0.8011724741584075	0.02815351270258647	-0.00042217157897539437
0.8129544223077959	0.02815351270258647	-0.00041898092604242265
0.8011557245275731	0.02844817200277063	-0.00044292875099927187
0.8039563481257763	0.028747435354520172	-0.0004482269287109375
0.8066791766240293	0.0290952970283487	-0.0004612620105035603
0.8063919863375945	0.02938469455531528	-0.00046273073530755937
0.8075068093450444	0.029679353855499448	-0.0004733562527690083
0.8084067185537771	0.030185799527690974	-0.00048268635873682797
0.8099878331592725	0.030527814786833307	-0.0004904554225504398
0.8074605186427185	0.03098821994337106	-0.0005133946542628109
0.8088605974635383	0.031325850391498745	-0.0005172252422198653
0.8112800835715949	0.03169417451672895	-0.0005233598640188575
0.8136390825269497	0.032062498641959154	-0.0005278380122035742
0.8159398345945182	0.03268404560328512	-0.0005572360241785645
0.8138290700611358	0.03292082539807596	-0.0005687713855877519
0.8097309392233668	0.03348128396958426	-0.0005825493135489523
0.8084246185183268	0.03421793222004466	-0.0006085003260523081
0.8106784465357583	0.03472791947036341	-0.0006271362071856856
0.8090038909558852	0.03531149795449437	-0.0006468772771768272
0.8094751106000703	0.03562457346094005	-0.0006511498941108584
0.8111856207068876	0.035978164621161046	-0.0006722562247887254
0.8133071305865857	0.03634648874639125	-0.0006974120042286813
0.8149370513578458	0.03694562932343238	-0.0006989911198616028
0.8169707101341331	0.037313953448662576	-0.0007104102987796068
0.8120951703786706	0.037682277573892774	-0.0007251916103996336
0.8141156524176094	0.03805060169912298	-0.0007346697966568172
0.8145733886380909	0.03832684479304563	-0.0007385526550933719
0.813517728908066	0.038853022114803064	-0.0007430485566146672
0.8149642208192418	0.039203806995974685	-0.0007507099653594196
0.8160126996424111	0.039541437444102365	-0.0007511615986004472
0.8159768557685089	0.040278085694562774	-0.0007849356043152511
0.8163926739642094	0.040609577407269955	-0.0007894409354776144
0.8164105654063855	0.04104905505669236	-0.0008503728313371539
0.8168138554235781	0.041364761449746816	-0.0008510092156939209
0.8186097980174646	0.041718352609967806	-0.0008542958530597389
0.8160558733333685	0.04186001573505635	-0.0008641242748126388
0.8173437976282399	0.042559831572993735	-0.0008821487426757812
0.8179629323286993	0.04288482344819685	-0.000889091519638896
0.8193174184533197	0.0432389812609182	-0.000908625777810812
0.8210060407107654	0.044258449821823226	-0.0009144115610979497
0.8177900978386872	0.04596969540047212	-0.0009443667950108647
0.8194617483172313	0.04633801952570232	-0.0009459963766857982
0.8154211869688929	0.04714163579893185	-0.0009606789099052548
0.8162650583393615	0.0478432055612751	-0.0009992218110710382
0.8170938605782145	0.04845707910332545	-0.0010240792762488127
0.8126575385703029	0.049210469359478134	-0.0010303629096597433
0.8116693145477565	0.04946829624713927	-0.001039448892697692
0.8095802646075896	0.049836620372369474	-0.00106734037399292
0.8112218140506277	0.050204944497599685	-0.0010827223304659128
0.8069592344433573	0.050468033158478406	-0.0011377682676538825
0.806900257880278	0.05076269245866257	-0.0011532572098076344
0.808522944788847	0.05128886978042	-0.0012616550084203482
0.8101185869156067	0.051657193905650205	-0.0012705326080322266
0.8103104443240176	0.05192028256652891	-0.0013514126185327768
0.8110456046164437	0.05251629796917415	-0.0013754995306953788
0.8110456046164437	0.05251629796917415	-0.0013647079467773438
0.8093297866927327	0.05372172237901844	-0.0014536931412294507
0.8072017605537151	0.05443863897991295	-0.0015064008766785264
0.8087441464692854	0.05480696310514315	-0.0015157501911744475
0.8070874468941324	0.05517528723037335	-0.0015271106967702508
0.8039746694058506	0.05591193548083376	-0.001540350029245019
0.8036678820069997	0.056843578856416034	-0.0015625619562342763
0.8038978467459635	0.05784331576775517	-0.001610953244380653
0.8018560289899295	0.05812979008737866	-0.0016306681791320443
0.8019806533349059	0.05840603318130131	-0.0017284393543377519
0.8009555473752978	0.05892168695662359	-0.00175671826582402
0.8021103587074043	0.05927326907616151	-0.0018019540002569556
0.8015518689205783	0.06004148796592736	-0.001809448003768921
0.8017146655342385	0.06122334069474142	-0.0020507299341261387
0.8024373518170751	0.061554832407448606	-0.0020642559975385666
0.7983180663154559	0.0617389944700637	-0.0021326460409909487
0.799779529603025	0.0621073185952939	-0.002200682880356908
0.8012199646418522	0.06308479415840482	-0.002238296438008547
0.8002588696563151	0.0632856982267122	-0.0022402144968509674
0.7981293741268377	0.06426390970216125	-0.002248798031359911
0.7956386351854124	0.06463223382739144	-0.0023328065872192383
0.7956691342400598	0.06492689312757562	-0.0023656231351196766
0.7962711051215626	0.06525188500277873	-0.002402310026809573
0.7976761319827933	0.06562020912800894	-0.0024134896229952574
0.7875881022804393	0.06595170084071612	-0.002479457762092352
0.7929458444728232	0.06595170084071612	-0.0024313032627105713
0.79837698039387	0.06595170084071612	-0.002422905992716551
0.787183301105891	0.06666001646615882	-0.0025231416802853346
0.7841576346540738	0.06760551663817833	-0.002631318988278508
0.7833795487733626	0.0677528462882704	-0.00268399715423584
0.7821731043735378	0.06797384076340852	-0.0027262181974947453
0.7809824304887434	0.0687565295295227	-0.0028247004374861717
0.7820226515283506	0.0690666972139271	-0.0029588525649160147
0.7834289570023613	0.06985938467788527	-0.0030091076623648405
0.7848172329190128	0.07022770880311546	-0.0030567694921046495
0.7857897346201655	0.07057301267051877	-0.003063914366066456
0.7871454957934557	0.07094133679574899	-0.0030674536246806383
0.7884842033670818	0.07128799479596565	-0.0030687826219946146
0.7898061770960376	0.07156330777846094	-0.0030942633748054504
0.7867909078351116	0.07179769585815288	-0.003120891749858856
0.7817382586592206	0.072018690333291	-0.0031790798529982567
0.786563803465759	0.072018690333291	-0.00315691065043211
0.780723907175839	0.07229139184908644	-0.003250500187277794
0.7807060518461536	0.07248972022421041	-0.0033238916657865047
0.7820270997265987	0.0726616048159845	-0.003336481750011444
0.7806104976052091	0.07283160056609075	-0.0033754962496459484
0.7812161073883713	0.07343283553521653	-0.003410045988857746
0.7799747610217453	0.07367838495203667	-0.0034236405044794083
0.7767002024133038	0.07404670907726688	-0.0034536521416157484
0.7812690271333821	0.07404670907726688	-0.003423814196139574
0.7779984570504358	0.07441503320249707	-0.0034673213958740234
0.7750778143664869	0.07745067159725146	-0.0034910873509943485
0.772730623862465	0.07884133127520394	-0.003496692283079028
0.7682109576822097	0.07914826804622913	-0.0036552329547703266
0.772600734583251	0.07914826804622913	-0.003500143764540553
0.7683905567913497	0.07939381746304926	-0.0037873585242778063
0.7687554038505744	0.08074938178822684	-0.0038269006181508303
0.76984036228137	0.08110406427918926	-0.003848150372505188
0.7662579158242513	0.081156682011365	-0.003879137337207794
0.7662743404287072	0.08144000826154207	-0.00405746977776289
0.7653607451516262	0.08198412344654124	-0.0041081588715314865
0.7666429268721091	0.08280448172546305	-0.004131965804845095
0.7668242153130216	0.08354112997592346	-0.004146158695220947
0.7664214232967765	0.08385664292143315	-0.004164716694504023
0.7676772220962562	0.08422496704666335	-0.004194935318082571
0.7665131727802333	0.08522148842992507	-0.004246493335813284
0.76582088801206	0.08555298014263224	-0.004248857498168945
0.7670599309326313	0.08610020455725997	-0.004270975012332201
0.7682859312961435	0.08646852868249018	-0.004271242301911116
0.7694990939595145	0.08683685280772038	-0.00428867619484663
0.7694990939595145	0.08683685280772038	-0.004279758781194687
0.7699555718927612	0.08703775687602776	-0.004367198795080185
0.7699961014569323	0.08740608100125796	-0.00437425309792161
0.7690591900788948	0.08810589683919536	-0.004374980926513672
0.7646130078672054	0.0883514462560155	-0.004516480024904013
0.7685341002152424	0.0883514462560155	-0.004378920886665583
0.7647926372688948	0.08889309938135402	-0.004596021492034197
0.7651388024005333	0.0893004881865329	-0.004615604877471924
0.7616528213403726	0.08944518695001619	-0.004658569116145372
0.7628445572336707	0.08981351107524638	-0.004723958671092987
0.7631952476620273	0.08992861236438082	-0.004841144196689129
0.7632674384051747	0.09021508668400431	-0.0048431819304823875
0.7631199797595005	0.09051352366752416	-0.004851531237363815
0.7632491645852407	0.09074372624579304	-0.004909691866487265
0.7639605877291707	0.09107856635963868	-0.00491457711905241
0.765106410118835	0.09124062897473996	-0.004922294523566961
0.7659869029252786	0.09158956761969489	-0.004960849415510893
0.7671119658919838	0.09335677933165798	-0.004964232444763184
0.766950345640507	0.09409342758211839	-0.005011061672121286
0.7650298028690588	0.0943389769989385	-0.005138993263244629
0.7638984568340096	0.09500121633521101	-0.00529101025313139
0.7650121433583774	0.09522221081034915	-0.005346282385289669
0.7639146685069296	0.09555176397502878	-0.005352719686925411
0.763595684887332	0.09618609996848082	-0.00538573507219553
0.7644838233508582	0.096554424093711	-0.005407979711890221
0.76557417602053	0.09677541856884912	-0.005491889547556639
0.7655024056241221	0.09705166166277178	-0.005509853363037109
0.7645393466788536	0.09725687081825717	-0.005519193597137928
0.7619180537281564	0.09833553432785991	-0.00555716548115015
0.7630002443930284	0.09891432938179308	-0.005676578264683485
0.7606308728219199	0.09928265350702328	-0.005739699117839336
0.7640726414772228	0.09928265350702328	-0.005693790502846241
0.7613305849019412	0.09946681556963838	-0.005754129029810429
0.7616520257431528	0.10032623852850887	-0.005912896245718002
0.761526164887998	0.10140953215323896	-0.005955161992460489
0.7625813588486705	0.101841604684759	-0.005985551979392767
0.7632601487509525	0.10217923513288667	-0.0060229492373764515
0.7619593001453198	0.10274195254643285	-0.006196620874106884
0.7628532187764173	0.10309799920082204	-0.006203475873917341
0.7622538569556503	0.10371187274287237	-0.006239047273993492
0.7612850590400914	0.10447921467043528	-0.006272533908486366
0.7623140027511255	0.10484753879566548	-0.006305133458226919
0.7622611529539104	0.10498013548074836	-0.006335225887596607
0.7632771309327397	0.10534845960597856	-0.006393247749656439
0.7639805109226916	0.10566767384784474	-0.006497937720268965
0.7649805935035277	0.10603599797307495	-0.0065721445716917515
0.7645657668080136	0.10824594272445619	-0.0065822601318359375
0.7591753613895801	0.10861426684968638	-0.006816109176725149
0.7623518273368168	0.10861426684968638	-0.006666657514870167
0.7655549862752068	0.10861426684968638	-0.006654845550656319
0.759621383403178	0.10893348109155251	-0.0068559893406927586
0.7590253637006219	0.10936026936364467	-0.006881486624479294
0.7594558616427444	0.11007850140784356	-0.006916077807545662
0.760441698275356	0.11044682553307376	-0.006949541158974171
0.7614194872619873	0.11072791499706522	-0.006959684658795595
0.7594329335443664	0.11100415809098788	-0.006973213516175747
0.7604068892790046	0.11137248221621808	-0.007100529037415981
0.7613729905319118	0.11171247371643056	-0.007111448794603348
0.7567820066076565	0.11189663577904567	-0.0072220442816615105
0.7598212917747555	0.11189663577904567	-0.007158032152801752
0.7577510025972675	0.11219129507922981	-0.00722378958016634
0.7560668054970138	0.11253521451154705	-0.00723267812281847
0.7555936704411506	0.11276960259123901	-0.007249191403388977
0.7565559000850831	0.11313792671646919	-0.007253922987729311
0.7575105828298473	0.1135062508416994	-0.00725902384147048
0.7576765571156683	0.1136904129043145	-0.007418219465762377
0.7586194498895372	0.1140587370295447	-0.007544136140495539
0.7582630437530145	0.11430428644636483	-0.007616579532623291
0.7589389908170312	0.11464805562991301	-0.007630868349224329
0.7586827165919952	0.11494941173237408	-0.007638526149094105
0.7574013361615372	0.11600527422470065	-0.007785160560160875
0.7562280486189358	0.11694450074403767	-0.007788462098687887
0.7542869270384893	0.11840006312041036	-0.007949058897793293
0.7571549381679132	0.11840006312041036	-0.007894984446465969
0.7552141461817403	0.11890438384572555	-0.00797904934734106
0.7541293812211574	0.1193433964394343	-0.008129577152431011
0.7550502449619021	0.11985905021475658	-0.008164686150848866
0.7551162040207281	0.12041990740544804	-0.008376216515898705
0.7556886006938515	0.12091260071582091	-0.008423556573688984
0.7549099560448169	0.1211135047841283	-0.008443213999271393
0.7554629152651753	0.12166008834176158	-0.00845769140869379
0.75466511608575	0.12185841671688552	-0.008460793644189835
0.7555637786641906	0.12222674084211572	-0.008518784306943417
0.7557259546544672	0.12254244723517017	-0.00854107178747654
0.7550557823518277	0.12322243023559518	-0.00855960138142109
0.7550082450384912	0.12353618782375422	-0.008588092401623726
0.7532243508875125	0.12457568035495947	-0.008644036948680878
0.7505819927063502	0.12485900660513656	-0.008674833923578262
0.7532819279319126	0.12485900660513656	-0.008647826500236988
0.7514727713038275	0.12522733073036674	-0.008788593113422394
0.7521478734365122	0.1255739887305834	-0.008814830332994461
0.7527312734125057	0.12661143501664848	-0.008878057822585106
0.7520345394271455	0.12736036073794987	-0.008897220715880394
0.75273998454318	0.1277111456191215	-0.008925803937017918
0.7531063104119508	0.12802685201217598	-0.008952688425779343
0.7532702743615594	0.12876350026263636	-0.009051967412233353
0.7541299598167456	0.1292107509861302	-0.00911659374833107
0.7539152991656725	0.12946574461128957	-0.009125160984694958
0.7547668033208086	0.12983406873651976	-0.009157674387097359
0.7540209230971558	0.13061675750263396	-0.009202714078128338
0.7548662120212206	0.13098508162786415	-0.009253406897187233
0.7557057112951205	0.13135340575309437	-0.009398547001183033
0.7565394801985502	0.13172172987832456	-0.009481837972998619
0.7565172370686232	0.13199797297224725	-0.009489218704402447
0.7550827153610459	0.13236629709747744	-0.009620578028261662
0.7559101386199613	0.13273462122270765	-0.009703636169433594
0.7530740526784404	0.13338941966756135	-0.009780200198292732
0.7556096555494115	0.13338941966756135	-0.009762395173311234
0.7525620993250007	0.1336595240260635	-0.009831259958446026
0.752720225660584	0.1339050734428836	-0.009890906512737274
0.749322168050713	0.13508631495561685	-0.009958126582205296
0.7516639545078766	0.13508631495561685	-0.00995379313826561
0.7497369463739779	0.13540859856519327	-0.009983149357140064
0.7495213989395759	0.1366497392538478	-0.010070172138512135
0.7485542646956609	0.13687994183211669	-0.010162020102143288
0.7493759827848907	0.13724826595734688	-0.010263442993164062
0.7480846641975477	0.1381813537412634	-0.010268542915582657
0.748577895807296	0.13851284545397055	-0.010461729019880295
0.7482357574482339	0.13948588886667665	-0.0105025889351964
0.7490479001661429	0.13971254986681833	-0.010505463927984238
0.7479932530002676	0.14008087399204852	-0.010585932061076164
0.7486322759747944	0.14075936580168313	-0.010610820725560188
0.749435367744843	0.14120135475195936	-0.010826891288161278
0.7454850319751134	0.14156967887718958	-0.01103739719837904
0.7478516511242408	0.14156967887718958	-0.010990587063133717
0.7502333442806874	0.14156967887718958	-0.010882536880671978
0.7460250371318691	0.14182290171328532	-0.011040735058486462
0.7427410069443479	0.1419568377588236	-0.011111410334706306
0.745076670488198	0.1419568377588236	-0.011072687804698944
0.7428504968532023	0.14224331207844707	-0.011167076416313648
0.7423771591399808	0.1424827227598467	-0.011224078945815563
0.7431772300743287	0.14267916229330282	-0.011309684254229069
0.7434960431272065	0.1429685598202694	-0.011326774023473263
0.7442877220064434	0.1433368839454996	-0.011472361162304878
0.7424220091217553	0.14363154324568378	-0.011551358737051487
0.7409393057020504	0.1438595534184453	-0.011772877536714077
0.7432121256581916	0.1438595534184453	-0.011731863021850586
0.7413773425280056	0.14418537860614894	-0.01180978212505579
0.7398186619384719	0.14492202685660935	-0.011953802779316902
0.7406070902356281	0.14527561801683034	-0.012029195204377174
0.7409073709297803	0.14593419756683434	-0.012034444138407707
0.7416877704149315	0.1460492988559688	-0.01207024697214365
0.7424634828160879	0.14641762298119898	-0.012110129930078983
0.7419870452427862	0.1470069415815673	-0.012172460556030273
0.7427572331674347	0.1473752657067975	-0.012187806889414787
0.7435228366401506	0.14751031788604857	-0.01220846176147461
0.7424776779196341	0.14784180959875579	-0.012239966541528702
0.7409241679386525	0.1506042405379823	-0.012253490276634693
0.7414202350216973	0.1507796329785681	-0.012420654296875
0.7419133840630774	0.15121728870384163	-0.012461626902222633
0.7414354778588486	0.15329422752111196	-0.012530180625617504
0.7410824198977771	0.15461308636250642	-0.012572458945214748
0.7418372816473463	0.15481771087652318	-0.012698888778686523
0.7425877546658133	0.1551860350017534	-0.01274918857961893
0.7428762112121671	0.1553824745352095	-0.012804681435227394
0.7427935797181601	0.15546254499721607	-0.012954811565577984
0.7429584397189722	0.15575720429740025	-0.013046267442405224
0.7417813560799329	0.156217609453938	-0.013059783726930618
0.7427374106685671	0.15639274396446412	-0.013504289090633392
0.7425212375811365	0.15639274396446412	-0.013361698016524315
0.7427581018062636	0.15666898705838678	-0.013546683825552464
0.7407177702770092	0.15679176176679682	-0.013657850213348866
0.7414522808427968	0.15716008589202704	-0.01373321283608675
0.7413587244939001	0.1578558092396841	-0.013813124038279057
0.7420872914671567	0.1582241333649143	-0.013831762596964836
0.7423796132499846	0.1587397871402366	-0.01391847524791956
0.74074620758937	0.15897656693502743	-0.01417265459895134
0.7428211269383599	0.15897656693502743	-0.01393347978591919
0.7404237947548593	0.15920676951329635	-0.01425108127295971
0.7409133582879476	0.1594599923493921	-0.014288505539298058
0.7412353236587368	0.15961784554591932	-0.014397982507944107
0.7413362696645905	0.16035449379637973	-0.014447657391428947
0.7417984036575004	0.16107579520828885	-0.014450748451054096
0.7415265870069498	0.16166362563037343	-0.014471998438239098
0.7422347333439171	0.16179756167591167	-0.01448085904121399
0.7409146530532146	0.16233367790263564	-0.014594798907637596
0.7429390100287698	0.16233367790263564	-0.014486312866210938
0.7392636168583238	0.1628247767362759	-0.014638081192970276
0.7395185483392858	0.16313171350730107	-0.014661594294011593
0.7371042524812125	0.16334656924701868	-0.014886687509715557
0.7390964261365671	0.16334656924701868	-0.014861859381198883
0.7370045098670156	0.16430026564270403	-0.015183581970632076
0.7365366693579888	0.16485275183054937	-0.015378531068563461
0.7357958212031798	0.1654793811864605	-0.015454279258847237
0.7345415881116735	0.16564937693656673	-0.015561421401798725
0.7365003656799713	0.16564937693656673	-0.015532468445599079
0.7352457218302102	0.16601770106179692	-0.015581958927214146
0.7352847543121408	0.16675434931225733	-0.0156906358897686
0.7348838270800068	0.16722312547164123	-0.015732012689113617
0.7352055613696459	0.16746516703964964	-0.015767140313982964
0.7359005598962348	0.16776652314211074	-0.015885857865214348
0.734628568901742	0.16798751761724884	-0.015897873789072037
0.7329330602568939	0.1692503431894667	-0.016038933768868446
0.7348467235996012	0.1692503431894667	-0.015981227159500122
0.7320283390214614	0.16986421673151703	-0.016240837052464485
0.732722566122442	0.17026402155121134	-0.016336577013134956
0.7331548075536501	0.17059551326391853	-0.016395078971982002
0.7338425528950067	0.1709024500349437	-0.016400694847106934
0.7345267622705979	0.17127077416017394	-0.016400853171944618
0.7339254115981092	0.17181209901089106	-0.016902685165405273
0.733875182193218	0.17211903578191623	-0.016917599365115166
0.7342807484194016	0.1724478966080146	-0.01693960838019848
0.7349568788305482	0.1727793883207218	-0.016965501010417938
0.735629577107628	0.17311088003342898	-0.01704845391213894
0.7362988693174821	0.17358443962301065	-0.017073053866624832
0.7362220599326934	0.17384443312317316	-0.017131606116890907
0.7368864879933165	0.1743544203734919	-0.01719197817146778
0.7362314728882843	0.17475064784154254	-0.017206016927957535
0.7363912937582384	0.17495155190984993	-0.01723358780145645
0.7370503155238428	0.17516026891414702	-0.01724010892212391
0.7377060503978482	0.1764044309317897	-0.017412623390555382
0.7372639955461123	0.17743398455802842	-0.017422357574105263
0.7342892412927338	0.1782324126492742	-0.01748427376151085
0.7361112989634353	0.1782324126492742	-0.017468949779868126
0.7336157825772911	0.17896906089973458	-0.017565596848726273
0.7331635269551794	0.1800740332754252	-0.0175880566239357
0.7331725652311205	0.18034542999927905	-0.01762991026043892
0.7338265540418285	0.18057431665066911	-0.01763518713414669
0.734101192897848	0.1812837713801878	-0.017685597762465477
0.7346758167436996	0.18164093416828983	-0.01790722832083702
0.7352476443664571	0.18199809695639185	-0.018021833151578903
0.7358902471713928	0.18236642108162204	-0.01806584559381008
0.7365297380983384	0.18273474520685226	-0.018174244090914726
0.7348714537067966	0.18292299975974768	-0.018204310908913612
0.7342128199907283	0.18308085295627494	-0.01822972297668457
0.7331875302977031	0.18363333914412025	-0.018334660679101944
0.7337274482905943	0.1841441696273264	-0.01835571601986885
0.7343644639645402	0.1843708306274681	-0.0183576587587595
0.7338846760632723	0.18451816027756016	-0.018571937456727028
0.7345182839774076	0.18475494007235102	-0.01860244944691658
0.7349509404683559	0.1850367171001749	-0.018633445724844933
0.7352048606643027	0.1853559313420411	-0.01869361475110054
0.7355156450756557	0.18587014070902913	-0.018785510212183
0.7361394289316093	0.18633054586556688	-0.018981873989105225
0.7365249832164762	0.18698943680070093	-0.019030846655368805
0.7365566147112733	0.18765242022611528	-0.01909591630101204
0.7363929380179604	0.18839813041933928	-0.019116487354040146
0.736424730218853	0.1895031027950299	-0.019497135654091835
0.7370391247871074	0.19005558898287525	-0.019524646922945976
0.7376506617062073	0.19046074552062847	-0.019680840894579887
0.7380660120657442	0.1908720407938022	-0.019723640754818916
0.738672340741518	0.1910684803272583	-0.01988404616713524
0.7392758688229463	0.1925974897210711	-0.019902918487787247
0.7377577770540635	0.19299433726340665	-0.020021280273795128
0.7394576797661696	0.19299433726340665	-0.02000732347369194
0.7378495660465489	0.19328081158303015	-0.02004471980035305
0.7378524970962882	0.19399699738208886	-0.020083094015717506
0.736738678609767	0.19436532150731906	-0.020122382789850235
0.736484148590155	0.19459552408558792	-0.02013719081878662
0.7370830482524501	0.1950589986098359	-0.020194249227643013
0.7375375084604944	0.1954043024772392	-0.02027648128569126
0.738131315002439	0.19572658608681565	-0.020333686843514442
0.7384716255529727	0.1961800701200852	-0.020411372184753418
0.7389627294123815	0.19636013969242	-0.020437587052583694
0.7395493300204435	0.1967284638176502	-0.02048691175878048
0.7395218040053141	0.1968835476598524	-0.020556669682264328
0.7401045292759957	0.19712909707667256	-0.020583175122737885
0.7395685816660046	0.19779877730436385	-0.020621830597519875
0.7401486070965927	0.19806478917258563	-0.020709367468953133
0.7406090955720505	0.19836614527504678	-0.02072462998330593
0.7378851615208467	0.19855030733766188	-0.020758455619215965
0.7395212705264362	0.19855030733766188	-0.0207508597522974
0.7378330656108354	0.1988133959985406	-0.020815696567296982
0.7381168400625001	0.20000741376714398	-0.021126266568899155
0.7375089754943154	0.20063393682460626	-0.021160297095775604
0.7366226254018572	0.20080135688152906	-0.021180788055062294
0.7364695489057189	0.2014240000456087	-0.021288633346557617
0.7363502227767069	0.20211460778041535	-0.021330451592803
0.7337275532141687	0.20259342914321463	-0.021448563784360886
0.7353226131124604	0.20259342914321463	-0.021370751783251762
0.7369246231628143	0.20259342914321463	-0.021356705576181412
0.7330412742389577	0.2029249208559218	-0.021637147292494774
0.7336178589598239	0.2030476955643319	-0.021719861775636673
0.7334735675971231	0.20414026354044154	-0.02179446443915367
0.7329714739033659	0.20494882269154213	-0.021816745400428772
0.7317952934298326	0.20523395079725762	-0.02193034626543522
0.733365669595991	0.20523395079725762	-0.021868787705898285
0.7315670983584013	0.20556879091110328	-0.022024791687726974
0.7308956688665214	0.2057222592966159	-0.022024942561984062
0.7310426993582947	0.20584503400502593	-0.02205638960003853
0.7307394989225395	0.20637121132678338	-0.022065401077270508
0.7306037513965736	0.20646729588119125	-0.02222735434770584
0.7305595096797834	0.2074618787164254	-0.022231101989746094
0.7311279495327797	0.20783020284165563	-0.022411584854125977
0.7315624170074476	0.2084565508193198	-0.022549472749233246
0.7304145656800899	0.20950956982813987	-0.022700820118188858
0.7303245980371548	0.20979896735510647	-0.02274608612060547
0.7308887725182486	0.21002916993337536	-0.022775230929255486
0.7301417184969983	0.21033610670440053	-0.0228959321975708
0.7299961804105336	0.21033610670440053	-0.022836169227957726
0.7311026442527268	0.21033610670440053	-0.02279631420969963
0.730701590450324	0.21070443082963075	-0.02289983257651329
0.7302848413286999	0.21106684601167544	-0.02292807027697563
0.7300156577722358	0.21128784048681357	-0.023038674145936966
0.7300100022454326	0.2120040262858723	-0.02306094951927662
0.7300511339280551	0.2120865989498166	-0.023082787171006203
0.7291048908793956	0.21255537510920047	-0.023087594658136368
0.7287817836674061	0.21266870560927129	-0.023235194385051727
0.7292475095476986	0.21299283083947387	-0.023249682039022446
0.7295085204611582	0.21330853723252835	-0.02326195500791073
0.7283723069633485	0.213584780326451	-0.023300020024180412
0.7298557536170417	0.213584780326451	-0.023271890357136726
0.7275710108707927	0.21391217954887784	-0.023329876363277435
0.7263148317022912	0.21428050367410806	-0.023441463708877563
0.7277851046409598	0.21428050367410806	-0.023344699293375015
0.7268666163157945	0.21460278728368448	-0.023497644811868668
0.7252861613640578	0.21506018325619258	-0.023754294961690903
0.7267454896565407	0.21506018325619258	-0.023569192737340927
0.725107959911151	0.21556765205095418	-0.023824673146009445
0.7256577439913287	0.21612320760650974	-0.023948030546307564
0.7262053333246793	0.21649153173173993	-0.024133076891303062
0.7262764477242412	0.21685985585697015	-0.024150345474481583
0.7258265939514295	0.21700718550706222	-0.024156713858246803
0.7253785253126369	0.21811215788275282	-0.024188248440623283
0.7256394447816076	0.21829631994536794	-0.024347562342882156
0.7256394447816076	0.21829631994536794	-0.024308141320943832
0.7261816593176124	0.21866464407059819	-0.024431591853499413
0.72672173494026	0.21890297144574714	-0.02444544993340969
0.7264451309276843	0.2190564398312597	-0.024448400363326073
0.7269825668197714	0.2192812610505561	-0.02449389174580574
0.727272797080909	0.2195390879382172	-0.024627113714814186
0.7278065098067781	0.21986648716064405	-0.024629822000861168
0.7281605808991298	0.22036396390121474	-0.024714287370443344
0.728336060893833	0.22087698678992823	-0.02475149929523468
0.7282971450814584	0.22110061215167515	-0.02476935088634491
0.724168636648631	0.22123873369863647	-0.025266829878091812
0.7254484599303498	0.22123873369863647	-0.02516084723174572
0.7265313703824111	0.22123873369863647	-0.025151921436190605
0.7279421109074256	0.22123873369863647	-0.02477343939244747
0.7242184080616394	0.2215544400916909	-0.025271644815802574
0.7242679880461363	0.22241150199847656	-0.025276783853769302
0.7239113537858973	0.22254041544230715	-0.02532588131725788
0.7244402592384148	0.22282688976193066	-0.025439806282520294
0.7249671421079398	0.22314259615498513	-0.02546326071023941
0.7244816861789057	0.2233530670836881	-0.025486355647444725
0.7250064829671363	0.2237213912089183	-0.025514477863907814
0.7255292843303167	0.2240283279799435	-0.025625595822930336
0.7240436936068433	0.2242738773967636	-0.025663988664746284
0.725417590558659	0.2242738773967636	-0.02563517354428768
0.7241291134095351	0.22501052564722396	-0.025735104456543922
0.7236149318808865	0.22635490870431424	-0.025738656520843506
0.7237169334739126	0.22664138302393774	-0.025878533720970154
0.7242362625463301	0.22675188026150678	-0.025908589363098145
0.7244856182585186	0.22696235119020974	-0.02593759447336197
0.7234593728839434	0.2270273495652504	-0.025971591472625732
0.7237092485554554	0.22734305595830484	-0.02600191719830036
0.7239483205765308	0.22765849251683534	-0.026022085919976234
0.7244623832942654	0.22802681664206553	-0.026062726974487305
0.7238128249610046	0.22854860915280834	-0.02613230049610138
0.7240160169988011	0.2289191256835459	-0.026190312579274178
0.7236805376022425	0.2295680777137134	-0.026209620758891106
0.7239859134826244	0.2298954769361402	-0.02634890377521515
0.7238801584146983	0.2299959289702939	-0.026379158720374107
0.7238975675766112	0.2301579915853952	-0.02649099938571453
0.7244051088126835	0.23052631571062546	-0.026496371254324913
0.7249107875121098	0.2308521408983291	-0.026779167354106903
0.7254146139086077	0.23134323973196938	-0.02680080011487007
0.7256880789654476	0.2316655233415458	-0.026826314628124237
0.7253776181563054	0.23176245074292218	-0.02683871239423752
0.7243875281083307	0.2343407196195336	-0.026898611336946487
0.7238280356329823	0.23507035217237054	-0.02694554626941681
0.7241477669657718	0.2353944065710106	-0.02695048414170742
0.7246474992719932	0.23572395973569024	-0.026980996131896973
0.722933970393755	0.2359565854989935	-0.027178000658750534
0.7242412650960944	0.2359565854989935	-0.02710813842713833
0.7230995214647838	0.23626824437418834	-0.027186764404177666
0.7223128573717075	0.23654448746811094	-0.027282530441880226
0.7228113980227456	0.23692411361959284	-0.027371644973754883
0.7230841374528123	0.23724639722916926	-0.02751707099378109
0.7235795146666714	0.23761472135439948	-0.027590539306402206
0.7229251634925218	0.2379196118802845	-0.027644077315926552
0.7216234470998183	0.23820293813046153	-0.02771984599530697
0.7229097634048091	0.23820293813046153	-0.027649791911244392
0.7204829384221594	0.23838710019307663	-0.027799537405371666
0.7217626594495522	0.23838710019307663	-0.02774525247514248
0.7197038467669573	0.2387837569433246	-0.02794116549193859
0.720977658885129	0.2387837569433246	-0.027901634573936462
0.7201981962435589	0.23916962031261338	-0.02797679789364338
0.7206908050529892	0.23953794443784357	-0.028008202090859413
0.7203029477506113	0.2397045672564001	-0.028023909777402878
0.720793644333505	0.24007289138163027	-0.02804926410317421
0.7204653425629268	0.24031844079845044	-0.0280744805932045
0.7209540395164882	0.24068676492368063	-0.028118707239627838
0.7208592971554938	0.24098756295928528	-0.02813439629971981
0.7198864873239555	0.2414172744387205	-0.02822909690439701
0.7211406449673771	0.2414172744387205	-0.028215687721967697
0.7201991843945736	0.24174876615142768	-0.028231438249349594
0.7199138401504853	0.2424063002181265	-0.028282275423407555
0.7195333663785987	0.24280531802045924	-0.028334612026810646
0.7198450531378756	0.24310123654842192	-0.028493165969848633
0.7210268972300389	0.24346956067365214	-0.028627444058656693
0.7206373248998795	0.24346956067365214	-0.028612077236175537
0.7203280789083276	0.24346956067365214	-0.028578350320458412
0.7194708690431779	0.24379695989607897	-0.02872701734304428
0.7207049528665797	0.24379695989607897	-0.02863370068371296
0.7199504060191725	0.24408854982855288	-0.02873823791742325
0.720428306350198	0.24447051558805089	-0.028770336881279945
0.7209045784007087	0.24483883971328108	-0.028775513172149658
0.7213792304782585	0.2452071638385113	-0.0288968775421381
0.7205789261820306	0.2453299385469213	-0.02890585921704769
0.7201398745470415	0.2459028871861683	-0.028918743133544922
0.7197673874496692	0.2460686330425219	-0.028926879167556763
0.7199240303762745	0.24636789639427145	-0.028930095955729485
0.720396333866365	0.2466692524967325	-0.028940312564373016
0.7204079102862412	0.24737613718151769	-0.028959041461348534
0.7205776929100097	0.24772911446819665	-0.0292102862149477
0.7204173276534493	0.24832764117169573	-0.02933376654982567
0.7202874110960016	0.24852251956123028	-0.02937687560915947
0.7206357121285691	0.24878560822210896	-0.029388144612312317
0.720990799976991	0.24910789183168539	-0.029420383274555206
0.7214558153103627	0.24938413492560804	-0.029585441574454308
0.721734406114986	0.24983430885644498	-0.029591381549835205
0.7209382098297854	0.25010218094752146	-0.029782697558403015
0.7212825435258744	0.2506546671353668	-0.02980535477399826
0.7215784333544739	0.25098615884807396	-0.029956193640828133
0.7220386342910781	0.2511703209106891	-0.029984107241034508
0.7218097476558342	0.2514926045202655	-0.029994498938322067
0.7206689261174927	0.25176884761418816	-0.030039217323064804
0.7218561895872084	0.25176884761418816	-0.030008750036358833
0.7199176764764735	0.2519831892726144	-0.030055595561861992
0.7194310522905727	0.2523515133978446	-0.030107766389846802
0.719890248604336	0.25245196543199827	-0.03017929568886757
0.7179644390807643	0.2533809607256345	-0.030346130952239037
0.7191375835890662	0.2533809607256345	-0.030291667208075523
0.7181276595678996	0.2536019552007726	-0.030359216034412384
0.7185859885767323	0.2538413658821722	-0.03038838692009449
0.7184184538799919	0.25462478545012224	-0.030448220670223236
0.7182779410842638	0.2548197805752441	-0.030478790402412415
0.7188748259158428	0.2548197805752441	-0.03044963628053665
0.7187330655736268	0.25526995450608103	-0.030516885221004486
0.7183802703065726	0.2557610533397213	-0.030568977817893028
0.716463573918321	0.2560624094421824	-0.030652552843093872
0.7173857707528245	0.2560624094421824	-0.030602607876062393
0.7185409813337469	0.2560624094421824	-0.030583564192056656
0.7159232714341633	0.25621749328438453	-0.030739031732082367
0.7169179592165289	0.25621749328438453	-0.030728483572602272
0.7160575793072718	0.2565121525845687	-0.030765771865844727
0.715640494578784	0.2566656209700813	-0.030848179012537003
0.7150875973782311	0.2572794945121316	-0.031073736026883125
0.714718234935165	0.2590904214611801	-0.031128929927945137
0.7151710631336805	0.2592131961695902	-0.031140169128775597
0.7154243578038332	0.25947102305725134	-0.031149975955486298
0.7158746357187006	0.2596126861823399	-0.03115006908774376
0.7146136921945868	0.2601195253632122	-0.03161885216832161
0.7157390680878066	0.2601195253632122	-0.03138475492596626
0.7161400154167489	0.2601195253632122	-0.031309206038713455
0.716323490954532	0.2601195253632122	-0.03118359111249447
0.7139696327501478	0.26047250264989114	-0.031644780188798904
0.7139477367740504	0.26057993051975	-0.031741052865982056
0.7122963953122894	0.2607473505766728	-0.031787436455488205
0.7134093584299649	0.2607473505766728	-0.031760603189468384
0.7141345686935485	0.2607473505766728	-0.03174245357513428
0.7125498277183451	0.2616944697558362	-0.03179939091205597
0.7107860300700427	0.26195229664349734	-0.031938470900058746
0.7118897350856793	0.26195229664349734	-0.031849946826696396
0.7129968730873678	0.26195229664349734	-0.031848449259996414
0.709685742097798	0.2620996262935894	-0.031991831958293915
0.7087515495410699	0.2621206733864597	-0.032038211822509766
0.7081082473853194	0.26281398938689304	-0.032207805663347244
0.7092010070263461	0.26281398938689304	-0.0320516861975193
0.7074584105212102	0.26295270886262906	-0.03221000358462334
0.7073957503924013	0.2632801080850559	-0.0322302021086216
0.7068220350288139	0.2634905790137589	-0.032263629138469696
0.706189551741264	0.2638589031389891	-0.03235819563269615
0.7072710058786932	0.2638589031389891	-0.032322902232408524
0.7056951447022337	0.26494350300811936	-0.03241807222366333
0.7060485057621388	0.2652684948833225	-0.03263087198138237
0.7064959205174477	0.2656368190085527	-0.03277880698442459
0.7062665278655299	0.26584144352256944	-0.03280087560415268
0.7059981594844076	0.26591343414704627	-0.03295592963695526
0.7058754350003402	0.2661436367253151	-0.03299833834171295
0.706017832224243	0.2663277987879303	-0.033020418137311935
0.7054072045893036	0.2665426545276479	-0.033127445727586746
0.7061262309335384	0.2665426545276479	-0.033116646111011505
0.7045743337275441	0.26656667566624986	-0.03315513953566551
0.7048514984721477	0.2668940748886767	-0.0331750251352787
0.7037375009754796	0.26720659232826593	-0.033301807940006256
0.7047941638898572	0.26720659232826593	-0.03326873481273651
0.7036570556147378	0.2672986733595736	-0.03348621726036072
0.7036729429969066	0.2674302176900129	-0.03369491919875145
0.7039581129955759	0.26793424017717005	-0.0337662510573864
0.7043993080581756	0.26881821807772255	-0.03401970863342285
0.7044140199722045	0.26939628232981994	-0.03402290865778923
0.7041102844298982	0.2703013073232427	-0.03405613452196121
0.7043638300019607	0.2703863051982959	-0.034100696444511414
0.7048018095130688	0.270570467260911	-0.034395091235637665
0.7046596406412654	0.27114341590015795	-0.034599751234054565
0.7046596406412654	0.27114341590015795	-0.0345875509083271
0.7041045488295907	0.27128507902524646	-0.034755315631628036
0.7046738593615675	0.27128507902524646	-0.03467567265033722
0.7039266825328362	0.27137716005655405	-0.034787390381097794
0.7043620844702879	0.27171200017039965	-0.03488098829984665
0.704796207694267	0.2723463361638517	-0.0349271260201931
0.7052290578296126	0.2725918855806718	-0.03503356873989105
0.704578458279668	0.2735916224920109	-0.035089172422885895
0.7044621155044053	0.27377578455462603	-0.0350971557199955
0.7048935576715522	0.2740791103048156	-0.0351705439388752
0.7042547429616326	0.2752331925638702	-0.03517438471317291
0.7046852309631441	0.27547151993901914	-0.03517696261405945
0.7048908539503398	0.27551485218904626	-0.03521660342812538
0.7038828887422022	0.27645407870838323	-0.03530525416135788
0.7049044894515523	0.27645407870838323	-0.03530287742614746
0.7029725014593892	0.27674055302800676	-0.03547929599881172
0.7039898278001409	0.27674055302800676	-0.035413701087236404
0.7026241117913936	0.2769615475031449	-0.03558146953582764
0.7028724920337691	0.2773298716283751	-0.035640016198158264
0.7031201575128572	0.2776521552379515	-0.035786256194114685
0.7030242429709761	0.27788654331764345	-0.03615744039416313
0.7031314933795942	0.27825486744287364	-0.03616836667060852
0.7029837405237496	0.278392988989835	-0.03631848469376564
0.7028166777998983	0.2788145154887095	-0.036346692591905594
0.7024549280538583	0.2793143839443791	-0.0364113487303257
0.7030824952443112	0.2793143839443791	-0.03638140857219696
0.7015037955931983	0.27979432144089117	-0.036498088389635086
0.7022682808221984	0.27979432144089117	-0.03649298474192619
0.7019277958835489	0.2801059803160859	-0.036566514521837234
0.7019959834071182	0.280228755024496	-0.03660513460636139
0.7015412474263042	0.28076449920664903	-0.03662187606096268
0.7013634104463479	0.28102539546202043	-0.036737047135829926
0.7014329854073137	0.28102539546202043	-0.03670588880777359
0.7016279033637562	0.2813527946844473	-0.03680877760052681
0.7009526840945429	0.2814878468636984	-0.036828406155109406
0.7005488028278112	0.28417354361016867	-0.03700966760516167
0.700835618982213	0.2845067892472817	-0.03704936057329178
0.7012552043693348	0.2848751133725119	-0.03705567494034767
0.7007823488501008	0.2857243051056816	-0.03706736117601395
0.7012008350754854	0.2860926292309118	-0.03713209927082062
0.7012008350754854	0.2860926292309118	-0.03709491714835167
0.7002215043002402	0.28620312646848084	-0.03715425357222557
0.7003177515316636	0.28648645271865786	-0.037219710648059845
0.6993423786186669	0.28657485050871306	-0.03728731721639633
0.6996060038068034	0.28672993435091526	-0.037328943610191345
0.6996759954681828	0.2872740495359144	-0.03746389225125313
0.699399052339933	0.2872900636283157	-0.037499748170375824
0.6993537166257041	0.2876636495267635	-0.03769098222255707
0.6997294067326871	0.2885169788879739	-0.03779003396630287
0.6993294627739648	0.2885169788879739	-0.03774990886449814
0.7001435730682283	0.28884752617984716	-0.03779841959476471
0.7002122458325971	0.2889125245548878	-0.03804973140358925
0.6999368507214105	0.2890762241661012	-0.03805531561374664
0.6987024560692257	0.2892603862287163	-0.038099512457847595
0.6996622121901999	0.2892603862287163	-0.038087453693151474
0.6987415934270386	0.2894445482913314	-0.038118042051792145
0.6991537116302847	0.2898128724165616	-0.038167502731084824
0.6995647038275112	0.2900430749948305	-0.038185250014066696
0.6992924463870916	0.2907489007835292	-0.03829843923449516
0.6990610013166813	0.2910803924962364	-0.03830058500170708
0.6993003741040057	0.29140267610581283	-0.03833986818790436
0.6993383800186371	0.29180169390814553	-0.038497623056173325
0.6991527105749212	0.29234953735491653	-0.03866172954440117
0.6993667893643085	0.29291079316479113	-0.0386742427945137
0.6997736002041404	0.29313178763992925	-0.03869742155075073
0.7001793115552158	0.29343511339011885	-0.03874433413147926
0.7000778549944126	0.2938530812017931	-0.03878208249807358
0.7004820627370076	0.29422140532702334	-0.038820140063762665
0.6988358262427647	0.2945974565318038	-0.03908712416887283
0.6997751217081448	0.2945974565318038	-0.03901609405875206
0.7007169455597035	0.2945974565318038	-0.03887370601296425
0.698687568156806	0.2947726036682769	-0.039173681288957596
0.6984215874765425	0.29551098276519044	-0.039569683372974396
0.6986576548729643	0.29566264564028527	-0.03957411274313927
0.6990019326890624	0.296123050796823	-0.039585988968610764
0.6993615967788104	0.29646044207344074	-0.039724018424749374
0.6987575026975429	0.296828766198671	-0.039809875190258026
0.6987575026975429	0.296828766198671	-0.039789460599422455
0.6996879387863545	0.296828766198671	-0.039754800498485565
0.6991575591348635	0.2971015988840267	-0.039828330278396606
0.6995565544145255	0.2974699230092569	-0.03984955698251724
0.6967444705741676	0.2978854681761833	-0.04019535705447197
0.6976648727810026	0.2978854681761833	-0.03996865451335907
0.6985877099143109	0.2978854681761833	-0.039943575859069824
0.6995129916492967	0.2978854681761833	-0.039883457124233246
0.694925349603364	0.2982011745692378	-0.04024943709373474
0.6958397250633686	0.2982011745692378	-0.040247976779937744
0.6967565099448749	0.2982011745692378	-0.04021698236465454
0.6947853364071886	0.29850811134026295	-0.040281668305397034
0.6948108939142378	0.29922163967810067	-0.040322255343198776
0.6940453268841382	0.2993723177293312	-0.04041489586234093
0.6940810692604014	0.2993723177293312	-0.04041433706879616
0.6941708654334162	0.2993723177293312	-0.04040372371673584
0.6950794660426223	0.2993723177293312	-0.04034025967121124
0.6944437053647579	0.2996025203076001	-0.04057950899004936
0.6944272872587156	0.30013375702668216	-0.04063355177640915
0.6948241349376003	0.30041000012060476	-0.040726013481616974
0.6947876142264835	0.3006555495374249	-0.040763549506664276
0.695039040748067	0.30090109895424505	-0.04076637700200081
0.6936583566265327	0.30126942307947524	-0.040825117379426956
0.6945557154320005	0.30126942307947524	-0.04081697389483452
0.6925864994645514	0.30171060252617954	-0.0409545861184597
0.6934801594638605	0.30171060252617954	-0.0408758707344532
0.6924566352698638	0.30203559440138267	-0.04102572053670883
0.6928307291192644	0.30203559440138267	-0.04097571223974228
0.6926680424866456	0.30217371594834397	-0.04106477275490761
0.6920816656599282	0.3023578780109591	-0.04108836501836777
0.69196376339916	0.30248065271936914	-0.0412893146276474
0.6923576716301073	0.3028489768445993	-0.04144832491874695
0.6927505737097623	0.3031712604541758	-0.04144918918609619
0.6924672033801506	0.30431306524238944	-0.04147457331418991
0.6923494107643797	0.3045340597175275	-0.041514623910188675
0.6927408237277838	0.3049023838427577	-0.04155021533370018
0.6931312419949658	0.305250976318422	-0.04158281534910202
0.6932034104695914	0.3055272194123447	-0.041605472564697266
0.6926205586608003	0.3063129775461691	-0.04174984619021416
0.6925419692875453	0.30659535937551224	-0.041885457932949066
0.6922501528903435	0.30659535937551224	-0.041791874915361404
0.6922414686376183	0.30679347310953753	-0.042038265615701675
0.6919990456002443	0.3071476309222589	-0.042068857699632645
0.6923029930659031	0.30785972423103725	-0.042110610753297806
0.6925756822684502	0.3081945643448829	-0.04236864298582077
0.6926827200768791	0.308378726407498	-0.042370691895484924
0.6924409600767827	0.3086633405042668	-0.04241803660988808
0.6925757458410975	0.30903984961005765	-0.04252004995942116
0.6901490924754649	0.30921378044697195	-0.04273970425128937
0.6910107018293667	0.30921378044697195	-0.04272822290658951
0.691477639809828	0.30921378044697195	-0.04262223094701767
0.6922596310152639	0.30921378044697195	-0.04255817085504532
0.6904638128092739	0.3094593298637921	-0.042878828942775726
0.6902858931075004	0.3094593298637921	-0.04285178706049919
0.6908483298119953	0.31004864846416036	-0.04290103539824486
0.6908596842415089	0.31011270483376563	-0.042906101793050766
0.6912427577430683	0.3104810289589958	-0.04298708215355873
0.6916248830428913	0.3107402200100837	-0.04305734857916832
0.691697040171392	0.31089807320661095	-0.0430728942155838
0.692077661109452	0.3113716327961927	-0.04307358339428902
0.6907538813021601	0.3117890668047869	-0.04329643025994301
0.6916045634219903	0.3117890668047869	-0.04315979778766632
0.6924573434015489	0.3117890668047869	-0.043098170310258865
0.6909290403341395	0.3120192693830558	-0.043306171894073486
0.6896208948470673	0.31307028098655354	-0.043394096195697784
0.6903078907254774	0.31307028098655354	-0.04335203766822815
0.6911548942723797	0.31307028098655354	-0.04332756623625755
0.690000331405934	0.31332167681805984	-0.04345737770199776
0.6896229834810823	0.31369000094329	-0.043500229716300964
0.6900014920378127	0.3142056547186123	-0.04353701323270798
0.690074571828266	0.3146363354720613	-0.043542906641960144
0.690086646558402	0.3151438042668229	-0.04372938349843025
0.6895869472374249	0.3153542751955259	-0.04380236193537712
0.6900581897177075	0.3153542751955259	-0.04375539720058441
0.6894918250118172	0.31627386307643973	-0.043806158006191254
0.6891580493198517	0.31700275713479004	-0.0438566729426384
0.6895339162493319	0.3173465263183382	-0.04396308213472366
0.6891540443698039	0.3184330824877673	-0.04400066286325455
0.6894485911598682	0.3187768516713155	-0.044008709490299225
0.6898227494837721	0.3189347048678427	-0.044042397290468216
0.6901960073062946	0.3200212610372718	-0.04405679553747177
0.6904556875859745	0.32061467212792044	-0.04436083883047104
0.6904671453439746	0.3208724990155816	-0.04445860534906387
0.6888988750215084	0.3208970539572636	-0.04458436742424965
0.6897248928572656	0.3208970539572636	-0.04457426071166992
0.6870793779056295	0.32111283980840855	-0.04473292455077171
0.6875785996603188	0.32111283980840855	-0.04472485929727554
0.6884010621001038	0.32111283980840855	-0.04465784877538681
0.6858175014089387	0.32148116393363874	-0.044947948306798935
0.6866339508153779	0.32148116393363874	-0.044936105608940125
0.6874523464659327	0.32148116393363874	-0.04477868974208832
0.684120282802035	0.3217113665119076	-0.04514968395233154
0.6849318133866162	0.3217113665119076	-0.04501819610595703
0.6857452715972892	0.3217113665119076	-0.04497233405709267
0.6839446993553364	0.3222280434098	-0.04537082463502884
0.6840010083056223	0.3222280434098	-0.04532625898718834
0.6841210731852986	0.3228419169518503	-0.04551472142338753
0.6844935719197498	0.3232102410770805	-0.045558128505945206
0.6836873368527066	0.32323479601876254	-0.04567062109708786
0.6840594693975857	0.32360312014399273	-0.045696359127759933
0.6834597322125479	0.3238040242123001	-0.045770060271024704
0.6842628576323041	0.3238040242123001	-0.04575809836387634
0.6826584898535648	0.32401887995201767	-0.0458381213247776
0.6826919663614387	0.32512385232770824	-0.04587023705244064
0.6826042804232487	0.32512385232770824	-0.045862842351198196
0.6826322548906525	0.32574649549178786	-0.045968230813741684
0.6828729277424591	0.3260738947142147	-0.04598673805594444
0.683048289520537	0.32624131477113755	-0.04601890593767166
0.6829271010210034	0.32695539504322885	-0.04610634595155716
0.682908193539196	0.32722783796760546	-0.04611881822347641
0.683276476705817	0.3274383088963084	-0.04620326682925224
0.6831467227553795	0.3278710897434539	-0.04630456864833832
0.6831479554362143	0.3289760621191445	-0.04632633551955223
0.6828973983890272	0.3293485717457978	-0.046548131853342056
0.6821685927608852	0.3295695662209359	-0.04669575393199921
0.6825414476394445	0.3295695662209359	-0.04667730629444122
0.6819008089168703	0.3301366684454967	-0.04671807587146759
0.6811334534268081	0.3304507803618186	-0.04713880270719528
0.6818832580617433	0.3304507803618186	-0.04687007889151573
0.6810578800497481	0.3316361409394444	-0.04715881124138832
0.6816255716747978	0.3317939941359716	-0.04721926525235176
0.681260044202553	0.3317939941359716	-0.047172002494335175
0.6810738814437842	0.33191676884438165	-0.047280970960855484
0.6813815772316061	0.3331168916190901	-0.047458115965127945
0.6806820759137255	0.33339313471301274	-0.047559481114149094
0.6814599982861984	0.33339313471301274	-0.04747295752167702
0.6809425192810884	0.3339351571473004	-0.047657325863838196
0.6807997095274148	0.33437882029814586	-0.04767381772398949
0.6802839544316978	0.334422152548173	-0.04771118983626366
0.6803063590289343	0.33586475537199123	-0.04774998873472214
0.6806692348983681	0.3362330794972214	-0.04782106354832649
0.6810312879200252	0.3364260111818658	-0.04782860353589058
0.6813925208895382	0.33682407576441276	-0.047861985862255096
0.6808884323300891	0.3371310125354379	-0.047950662672519684
0.6816586681132679	0.3371310125354379	-0.04789205640554428
0.681248603399694	0.33738883942309905	-0.048023298382759094
0.6802147601988439	0.33800358992735235	-0.048149652779102325
0.6809816314053814	0.33800358992735235	-0.048142094165086746
0.6805744736294411	0.3383719140525826	-0.04817518964409828
0.6802592214118801	0.3384333014067876	-0.04819736257195473
0.6798324433856041	0.3390389899682773	-0.04823176562786102
0.680191375623961	0.3394073140935075	-0.048403847962617874
0.6802828799758993	0.33989209364068546	-0.048451583832502365
0.6798800132050035	0.3400578394970391	-0.048574525862932205
0.6806405053897965	0.3400578394970391	-0.04849123954772949
0.68023728997598	0.3404261636222693	-0.04859767481684685
0.6803926634949644	0.3407944877474995	-0.04873539134860039
0.6805937701432309	0.3407944877474995	-0.04867323115468025
0.680748177773613	0.3411376988641913	-0.04882622882723808
0.680748177773613	0.3411376988641913	-0.048802461475133896
0.680748177773613	0.3411376988641913	-0.04877036437392235
0.6805473464649756	0.34381953922558967	-0.04900236427783966
0.6802853010687264	0.3443281773032885	-0.04906859248876572
0.6801729300994249	0.34492038245636236	-0.0491655096411705
0.6802956889527011	0.34492038245636236	-0.049142464995384216
0.679666347457968	0.3450948517788399	-0.04919824004173279
0.6795783183447546	0.3452053490164089	-0.04930159077048302
0.6799319846600475	0.34531867951647977	-0.049342185258865356
0.6798254811855968	0.3458916281557267	-0.04940233752131462
0.6797598585647264	0.3459376686713805	-0.049458570778369904
0.6801780962944233	0.3459376686713805	-0.049442779272794724
0.6801780962944233	0.3459376686713805	-0.04941512271761894
0.6793791700754612	0.3461095532631546	-0.04952538013458252
0.6789857947024887	0.34627954901326086	-0.04968184605240822
0.6797311139063333	0.34627954901326086	-0.04961775243282318
0.6792156995153983	0.34687426350420403	-0.04977378621697426
0.6795666670213991	0.3469520208195304	-0.05001826211810112
0.6790430358483034	0.3482206928064344	-0.05003692954778671
0.679406849170374	0.3482206928064344	-0.05002923682332039
0.6791413867025918	0.348374161191947	-0.05005310848355293
0.679345662606692	0.3486933754338131	-0.05007354915142059
0.6780499836300108	0.3489327861152128	-0.05014267936348915
0.6787877964522415	0.3489327861152128	-0.05012807622551918
0.6778852342335329	0.34926762622905844	-0.050143979489803314
0.677741600080844	0.3502186580088195	-0.05018559843301773
0.6781603674426002	0.35065187733706643	-0.05025218799710274
0.6779101718395142	0.35065187733706643	-0.050195638090372086
0.6776074012795992	0.3509593479111716	-0.05027207359671593
0.6779555574337248	0.3511557874446277	-0.050326187163591385
0.6750440285377615	0.3523280709732442	-0.050501734018325806
0.6756721306212331	0.3523280709732442	-0.05043758824467659
0.6763994418490278	0.3523280709732442	-0.05040071904659271
0.6771283205579168	0.3523280709732442	-0.05039647966623306
0.6778587718206546	0.3523280709732442	-0.05036420375108719
0.675392693743193	0.3526963950984744	-0.050509531050920486
0.6750260706345008	0.3529265976767433	-0.05051053315401077
0.6746245437922799	0.3530186787080508	-0.05053310468792915
0.6739843204081082	0.35329492180197347	-0.0505647212266922
0.6747051592534644	0.35329492180197347	-0.05055388808250427
0.6741188088601807	0.3538525236026692	-0.05058791860938072
0.6723219757822582	0.35397529831107927	-0.05074407532811165
0.6730379736265417	0.35397529831107927	-0.05069420486688614
0.6737554981186809	0.35397529831107927	-0.050638701766729355
0.672006011939769	0.3540886288111501	-0.05090949684381485
0.6713230723598332	0.3543464556988113	-0.051085636019706726
0.6720357295491749	0.3543464556988113	-0.051059454679489136
0.6712122073408178	0.35488810882414984	-0.05137138441205025
0.6709604838469023	0.35488810882414984	-0.05130560323596001
0.6716712470713164	0.35488810882414984	-0.051249198615550995
0.669821131176097	0.35492159283553437	-0.05141771212220192
0.6705284396567476	0.35492159283553437	-0.05138946324586868
0.6691312030329006	0.3550136738668419	-0.05166666954755783
0.6698362938685518	0.3550136738668419	-0.0516359843313694
0.6694791197489544	0.3553819979920721	-0.05187729001045227
0.6694791197489544	0.3553819979920721	-0.0518307238817215
0.6691394923607242	0.3561309237133735	-0.05213601514697075
0.6693700793455387	0.35639879580445005	-0.0522727407515049
0.6694747551210998	0.3568986642601196	-0.052284952253103256
0.669402006686418	0.3574204567708624	-0.0522879958152771
0.6693443850744496	0.3577069310904859	-0.05235864222049713
0.6695153704637103	0.3577069310904859	-0.05231449753046036
0.6695155635173085	0.3581366425699211	-0.05239906534552574
0.6695155635173085	0.3581366425699211	-0.0523892417550087
0.6695994888942456	0.35879962599533544	-0.052407119423151016
0.6690177301673881	0.35883311000671997	-0.05241062119603157
0.6684702165489591	0.35887403490952335	-0.05259837955236435
0.668814842103482	0.3591195843263435	-0.05265476927161217
0.6684646038418565	0.35954052618374943	-0.052694376558065414
0.669158751924766	0.35954052618374943	-0.05268843099474907
0.66870453689487	0.35982007475059075	-0.05277165770530701
0.6690474928608173	0.360188398875821	-0.05286065489053726
0.6689196821602938	0.36029363434017253	-0.05295112356543541
0.6688927580494435	0.36046105439709525	-0.052972372621297836
0.669234457989537	0.3608293785223255	-0.0529726967215538
0.6695754533936714	0.3611977026475557	-0.05297352746129036
0.6691667528986495	0.36132047735596573	-0.05319998040795326
0.66810354998046	0.3615046394185808	-0.0534096397459507
0.6687354513880914	0.3615046394185808	-0.05340401828289032
0.6685818579998143	0.3615046394185808	-0.053316280245780945
0.6692696994175096	0.3615046394185808	-0.053268685936927795
0.6684436078185948	0.361872963543811	-0.05350252240896225
0.6686550268484631	0.36226962029405896	-0.05369772017002106
0.6685755320264393	0.36329566607148595	-0.053958311676979065
0.6688629931786084	0.36380630310714734	-0.05400896444916725
0.6688437452263853	0.36396076161127616	-0.05403735488653183
0.6691813153128009	0.364303972727968	-0.054041530936956406
0.6691363241566779	0.3656031416376341	-0.05437064543366432
0.6687599438621548	0.3661681843297485	-0.0545395128428936
0.6693804285157157	0.3661681843297485	-0.05442597344517708
0.6686450155491532	0.36651604600357707	-0.05460831895470619
0.6683921857551983	0.3677328310601412	-0.05465799942612648
0.6687281612508871	0.36850981957193635	-0.05473991855978966
0.6686741698077024	0.36897636346389456	-0.05487833544611931
0.6686300098786755	0.3697735619682754	-0.054981302469968796
0.6687963768720641	0.37000376454654427	-0.05500072240829468
0.6687942278203937	0.3701616177430715	-0.055006902664899826
0.668578251234431	0.37034577980568656	-0.05501130595803261
0.6685523488090762	0.37175062010555443	-0.05501466616988182
0.6688857971503146	0.3721301055679128	-0.055101633071899414
0.6690358434026075	0.37243146167037394	-0.055140767246484756
0.6692247058662021	0.3732552327427638	-0.055195048451423645
0.6687763583399795	0.37349464342416344	-0.055223431438207626
0.6689412450884699	0.3737401928409836	-0.05526115745306015
0.6689389682331928	0.3739857422578037	-0.055287718772888184
0.6690882110831414	0.3742225220525946	-0.05531682074069977
0.6694187922908507	0.3744066841152097	-0.05542115122079849
0.6695269349909373	0.3748531852983591	-0.055657822638750076
0.6691510616758926	0.3757269319732108	-0.055863626301288605
0.6695496476103956	0.3757269319732108	-0.05585912615060806
0.6684834319972792	0.37591109403582584	-0.05589823052287102
0.6691485896410576	0.37591109403582584	-0.05588788166642189
0.6680844083971494	0.37674181641350957	-0.05598290264606476
0.6672106488706393	0.3773096494399062	-0.056236982345581055
0.6678725641968998	0.3773096494399062	-0.05614504590630531
0.6660956355762787	0.37736905655687875	-0.05629574507474899
0.6667551362055621	0.37736905655687875	-0.0562652163207531
0.665860927861847	0.37750717810384005	-0.056315016001462936
0.6648906164528064	0.37852174364879226	-0.05646704509854317
0.6655469744157411	0.37852174364879226	-0.056445326656103134
0.6651113044059455	0.3789760100699095	-0.05649765580892563
0.66404913861557	0.3790812455342611	-0.056627608835697174
0.6647027302874357	0.3790812455342611	-0.05650296062231064
0.663969850005273	0.3792040202426712	-0.056741487234830856
0.6637388407595087	0.3792961012739787	-0.056854572147130966
0.6638724301313131	0.3795065722026816	-0.05690924450755119
0.6640792152144361	0.379828855812258	-0.057006385177373886
0.6644079048277294	0.3799588525623393	-0.057088542729616165
0.6647359518415831	0.3803008678214817	-0.057312436401844025
0.6646448313528984	0.3808840476864294	-0.05749193951487541
0.6646793242003589	0.38115303591121874	-0.057877253741025925
0.6650061474711189	0.38146874230427313	-0.05796336382627487
0.6646708525805325	0.38176340160445726	-0.05845074728131294
0.6649283144993852	0.38176340160445726	-0.058277759701013565
0.6650889068211956	0.38176340160445726	-0.05827077478170395
0.6641138023264824	0.3819146775844625	-0.05846704542636871
0.6644395891331493	0.382176596962404	-0.05860377848148346
0.6641212162597065	0.38221752186520735	-0.05891295522451401
0.6647647445700358	0.38221752186520735	-0.058853551745414734
0.6637690680815057	0.3826963432280067	-0.05900658294558525
0.6639006921703159	0.3827423837436605	-0.05904560163617134
0.6635547991813054	0.38282423354926726	-0.059253763407468796
0.6638792400692693	0.38317940324145355	-0.05926790088415146
0.6623915542271892	0.3832407905956585	-0.059462547302246094
0.6630290821908342	0.3832407905956585	-0.059443291276693344
0.6634002298829471	0.3832407905956585	-0.059272535145282745
0.6627158658945983	0.38349401343175427	-0.0594770573079586
0.6627996318582311	0.383594465465908	-0.059520114213228226
0.6613090771550679	0.3836614334886771	-0.05969136208295822
0.6618983063035365	0.3836614334886771	-0.05964156240224838
0.6625329163766943	0.3836614334886771	-0.05962729454040527
0.6614962987420544	0.3839771398817315	-0.05971169471740723
0.6617134836419082	0.3844816510784754	-0.06008584052324295
0.6613185016989217	0.3851374593585931	-0.060277342796325684
0.6619495308035962	0.3851374593585931	-0.060250069946050644
0.6600673181955808	0.3855057834838233	-0.06070860102772713
0.6604571160265652	0.3855057834838233	-0.06069280952215195
0.6610115207251844	0.3855057834838233	-0.060544148087501526
0.6616410555068275	0.3855057834838233	-0.06027848646044731
0.6605537624580852	0.38595595741466027	-0.060994140803813934
0.6603898349714863	0.38595595741466027	-0.060786694288253784
0.6599282380618181	0.3860126226646957	-0.06104302406311035
0.6598199375011679	0.38664403545080456	-0.061150986701250076
0.6601414687511667	0.38711759504038623	-0.0613601878285408
0.6601284203317336	0.3874727647325725	-0.06143179163336754
0.660462392765566	0.3874727647325725	-0.06142284721136093
0.6603702094423227	0.3875546145381793	-0.06150772422552109
0.6606900115049947	0.3886464324808259	-0.061780888587236404
0.6596159432771389	0.38873851351213345	-0.0618542842566967
0.6600684780981226	0.38873851351213345	-0.06179988384246826
0.6599355527200712	0.38910683763736365	-0.06187683343887329
0.6598525255331187	0.3893173085660666	-0.062086232006549835
0.6596506435452194	0.38961196786625074	-0.06252049654722214
0.6589510432499323	0.38982243879495376	-0.06257294118404388
0.6595680386087804	0.38982243879495376	-0.06253520399332047
0.6590541084144004	0.3901293755659789	-0.06261082738637924
0.6584514559521792	0.3902214565972864	-0.06271989643573761
0.6586353149572342	0.3902214565972864	-0.06261508166790009
0.6585546985554213	0.39105221266032436	-0.06279492378234863
0.6585001783519248	0.3915924213773287	-0.06286878883838654
0.6584807214526579	0.3931468138040677	-0.0631951317191124
0.659092692383376	0.3931468138040677	-0.06312749534845352
0.6587755693065233	0.3931468138040677	-0.06288181245326996
0.6576546947572648	0.3933923632208878	-0.0636315569281578
0.6582641986448989	0.3933923632208878	-0.06353959441184998
0.6586815742156888	0.3933923632208878	-0.06328440457582474
0.6579713879166013	0.3937606873461181	-0.06405173987150192
0.6571652146636224	0.39379417135750266	-0.06408888101577759
0.6574953119045316	0.39379417135750266	-0.06405691057443619
0.6573496958836216	0.3940704144514253	-0.06409658491611481
0.6568276308099125	0.394098747076443	-0.06411562114953995
0.656652528632985	0.39474331429559584	-0.06423382461071014
0.656364564425939	0.39511163842082603	-0.06475864350795746
0.6569683956719611	0.39511163842082603	-0.0645168349146843
0.6560776569682768	0.3953066335459479	-0.06493701040744781
0.6566801157901025	0.3953066335459479	-0.06481432169675827
0.6549630796847408	0.39553683612421675	-0.06545410305261612
0.6553339249958073	0.39553683612421675	-0.06532613188028336
0.6559345977043278	0.39553683612421675	-0.0651322454214096
0.6548214315314641	0.3957894012386604	-0.06562969088554382
0.6538099027567784	0.3959582164627242	-0.06581878662109375
0.6543200139965215	0.3959582164627242	-0.06580127775669098
0.6539735521921262	0.3962498063951981	-0.06584727019071579
0.653985112405673	0.3964216909869722	-0.06588777899742126
0.6539966515815248	0.3966058530495873	-0.06614665687084198
0.6541293818982687	0.39696189970397644	-0.06615839153528214
0.6538496552523554	0.39722977179505303	-0.06619877368211746
0.6544435241490423	0.39722977179505303	-0.06617431342601776
0.6528317783965325	0.3975542478101368	-0.06664782762527466
0.6534225763860316	0.3975542478101368	-0.06661753356456757
0.6538391290937211	0.3975542478101368	-0.06653115898370743
0.6539519372209993	0.3975542478101368	-0.06643430888652802
0.653063268126157	0.3978890879239824	-0.06665315479040146
0.652280016064613	0.3979581486974631	-0.0669570118188858
0.6526430846711695	0.3979581486974631	-0.06687179207801819
0.6521564768746012	0.3984592395852943	-0.06714247167110443
0.6521564768746012	0.3984592395852943	-0.06710735708475113
0.6521095313508617	0.3985820142937044	-0.06718955188989639
0.6517479220600786	0.39867409532501197	-0.06723448634147644
0.6513620049892449	0.398821424975104	-0.06756633520126343
0.650208403422667	0.3989687546251961	-0.06792327761650085
0.6507915499728217	0.3989687546251961	-0.06790456920862198
0.6513757434647184	0.3989687546251961	-0.06786449253559113
0.6501378753725379	0.3991836103649137	-0.06794822961091995
0.6504508110832959	0.3994700846845371	-0.06824586540460587
0.6505397737186102	0.4006930422058371	-0.06848660111427307
0.6502711924987733	0.40114805271609627	-0.06860171258449554
0.6508517917777901	0.40114805271609627	-0.06849760562181473
0.6503282464397598	0.40223508109594236	-0.06861840188503265
0.6501449126890962	0.40282439969631056	-0.06887242943048477
0.6489388786692103	0.4031190589964948	-0.06951636075973511
0.6495152009415631	0.4031190589964948	-0.06928172707557678
0.6498779883998712	0.4031190589964948	-0.06922075152397156
0.6504561716635722	0.4031190589964948	-0.06907633692026138
0.6488459687478657	0.4037533949899469	-0.06974116712808609
0.6488301702568029	0.4037533949899469	-0.06967280060052872
0.6490886510083339	0.40400838861510613	-0.06987551599740982
0.6491462965107896	0.404481071242485	-0.06993462890386581
0.6485896592233523	0.4047573143364076	-0.07053886353969574
0.6483385625089697	0.4047573143364076	-0.07048600912094116
0.6488830197296585	0.4047573143364076	-0.07041585445404053
0.6494562379449673	0.4047573143364076	-0.06997288018465042
0.6474116344021973	0.405073020729462	-0.07171666622161865
0.6479800379442536	0.405073020729462	-0.07150478661060333
0.6485494404380535	0.405073020729462	-0.07118429988622665
0.6491198445193535	0.405073020729462	-0.07111671566963196
0.6488989993120642	0.405073020729462	-0.07104317843914032
0.6477206513746756	0.4053953043390384	-0.07177180051803589
0.6479318319679455	0.406365224535478	-0.07200492918491364
0.6479898843584248	0.40647703721635153	-0.0722142904996872
0.6482975855084611	0.4066611992789666	-0.07227686792612076
0.6486047491892397	0.40702952340419685	-0.07257013022899628
0.6482076668488449	0.40733646017522196	-0.07286194711923599
0.6476010332829062	0.40755745465036003	-0.07308781892061234
0.6481656374967535	0.40755745465036003	-0.0729914978146553
0.6468280314858924	0.4079257787755903	-0.07329607009887695
0.6473909801642962	0.4079257787755903	-0.07316801697015762
0.6459585934903123	0.4080362760131593	-0.0738886296749115
0.6464398229442018	0.4080362760131593	-0.07335853576660156
0.6457986454140314	0.40835782882089994	-0.07398316264152527
0.6454007951193761	0.40843558613622627	-0.07417907565832138
0.6454762978216532	0.40843558613622627	-0.0739906057715416
0.6457075418364009	0.40873024543641046	-0.07418347150087357
0.6452372592983798	0.40939673671063653	-0.07516731321811676
0.6454924583588041	0.40939673671063653	-0.07500958442687988
0.6457617932380323	0.40939673671063653	-0.07435966283082962
0.6454558880508457	0.40939673671063653	-0.07427993416786194
0.6460137583084523	0.40939673671063653	-0.0742599219083786
0.6438798007290476	0.40956415676755936	-0.07532205432653427
0.6444329620698801	0.40956415676755936	-0.07530830800533295
0.6449870746769909	0.40956415676755936	-0.07526566833257675
0.6453991319954839	0.40956415676755936	-0.07519638538360596
0.6441852211400861	0.4097808180176948	-0.07548432797193527
0.6442330487140878	0.40992974907702695	-0.07559964060783386
0.6443664108299147	0.41005252378543705	-0.07578650861978531
0.6432649297857611	0.4102041866605319	-0.07609044015407562
0.6438151991867754	0.4102041866605319	-0.07593798637390137
0.6434272426837521	0.410388348723147	-0.07626412063837051
0.6437314856507454	0.4111249969736074	-0.07644560933113098
0.6435480584921102	0.4113003894141933	-0.07657726854085922
0.6423055989674926	0.4115459388310133	-0.07758297771215439
0.6420019534657672	0.4115459388310133	-0.07757536321878433
0.6425474096709208	0.4115459388310133	-0.07741110026836395
0.6429591563344732	0.4115459388310133	-0.07719065994024277
0.64350635561646	0.4115459388310133	-0.07707946747541428
0.64350635561646	0.4115459388310133	-0.07684331387281418
0.6437299961400239	0.4115459388310133	-0.07665009051561356
0.6415214053998932	0.4117895994061656	-0.07802864909172058
0.6420646072672936	0.4117895994061656	-0.07775814086198807
0.6426087298158253	0.4117895994061656	-0.07759644091129303
0.6410712003232042	0.41258006124635116	-0.07847204804420471
0.6416131032820573	0.41258006124635116	-0.07810533046722412
0.6400639481107795	0.41271818279331246	-0.07891494780778885
0.6404258163772676	0.41271818279331246	-0.07883784174919128
0.6407128533219364	0.41271818279331246	-0.07871287316083908
0.6412535392741068	0.41271818279331246	-0.07855429500341415
0.6397729924328553	0.41329219441704784	-0.07926154136657715
0.6398083245247759	0.413818079418071	-0.07935141772031784
0.6385804902999997	0.41410848882450246	-0.07962854951620102
0.6389131925830117	0.41410848882450246	-0.07958414405584335
0.6394491935835008	0.41410848882450246	-0.07947316765785217
0.6393563717477186	0.41410848882450246	-0.0793931782245636
0.6382320733392651	0.41447681294973265	-0.07997141033411026
0.6382001067227607	0.4145618108247858	-0.08008871227502823
0.6382935068006865	0.4146268091998265	-0.08038453757762909
0.6362623358073393	0.41478466239635364	-0.08137205988168716
0.6367921129395686	0.41478466239635364	-0.0808955579996109
0.6373227730336849	0.41478466239635364	-0.08083109557628632
0.637854318298934	0.41478466239635364	-0.0805831328034401
0.6383867509519381	0.41478466239635364	-0.08038506656885147
0.6365053192593461	0.41495567002592487	-0.0813794806599617
0.6359766603563067	0.4149740862321864	-0.08141904324293137
0.6354194851318352	0.4152457252745437	-0.08232979476451874
0.6359468042066334	0.4152457252745437	-0.08225756138563156
0.6354955855809992	0.4154723862746853	-0.08239848911762238
0.6349300777012299	0.4157025888529542	-0.0829915776848793
0.6349038274208615	0.4157025888529542	-0.08249716460704803
0.6354294100594549	0.4157025888529542	-0.08245017379522324
0.6338279836041928	0.4168254436318262	-0.08334317803382874
0.6343500824374746	0.4168254436318262	-0.08328050374984741
0.6343234405708389	0.4168254436318262	-0.0831310972571373
0.6347793029955523	0.4168254436318262	-0.08306507021188736
0.6348530641495911	0.4168254436318262	-0.0830359011888504
0.6341291119071498	0.41685892764321075	-0.08369960635900497
0.6344297453402581	0.417153586943395	-0.08442914485931396
0.6326229834643043	0.417251806710123	-0.08546668291091919
0.6331411022058803	0.417251806710123	-0.08512122184038162
0.6335527323052684	0.417251806710123	-0.08500702679157257
0.6337990156514307	0.417251806710123	-0.08483657240867615
0.6343193760912103	0.417251806710123	-0.08476660400629044
0.6324123350722648	0.4177072930081508	-0.08547886461019516
0.632712651791977	0.41825451742277847	-0.08548393845558167
0.6313375795587473	0.41856145419380364	-0.08699852228164673
0.6318521171134	0.41856145419380364	-0.08624186366796494
0.6323674940441613	0.41856145419380364	-0.08613774180412292
0.6328764237769087	0.41856145419380364	-0.085748590528965
0.6303377705616487	0.4188377743926156	-0.08711964637041092
0.6308050731754749	0.4188377743926156	-0.08708899468183517
0.6310742392236242	0.4188377743926156	-0.08707936853170395
0.6294504965353254	0.4190956012802768	-0.08750990033149719
0.6299614141461495	0.4190956012802768	-0.08737236261367798
0.6295578338654465	0.41939170498879513	-0.08753594011068344
0.6296553578866081	0.41955481995853994	-0.08775201439857483
0.6294156151482964	0.41972224001546277	-0.08801141381263733
0.6286026252657358	0.41985115345929336	-0.08852063864469528
0.6291103818289553	0.41985115345929336	-0.08844415843486786
0.6293109946025014	0.41985115345929336	-0.08828706294298172
0.6283819785910861	0.4199616506968624	-0.08862057328224182
0.6280825281306439	0.4199616506968624	-0.08860710263252258
0.6282569779872957	0.4199616506968624	-0.08853143453598022
0.6266872601549924	0.4202247393577412	-0.08975979685783386
0.6270437257626341	0.4202247393577412	-0.08958838135004044
0.6272163633086488	0.4202247393577412	-0.08935241401195526
0.6277150538464435	0.4202247393577412	-0.08927248418331146
0.6277602638724821	0.4202247393577412	-0.0888790637254715
0.6282648943096787	0.4202247393577412	-0.08872249722480774
0.6286809472326058	0.4202247393577412	-0.08863236010074615
0.6264936026545608	0.4203586754032795	-0.08998620510101318
0.626224976026252	0.4205274906273433	-0.09011882543563843
0.6267255555434593	0.4205274906273433	-0.09002956002950668
0.6262952559450545	0.42068534382387057	-0.09020170569419861
0.6264253822833842	0.4209922805948957	-0.0902290791273117
0.6262279900411929	0.42105366794910065	-0.09044218063354492
0.6260400689451959	0.42105366794910065	-0.09028249979019165
0.6250313103881648	0.4210945928519041	-0.09148434549570084
0.6247339521886313	0.4210945928519041	-0.09139207005500793
0.6251163941007992	0.4210945928519041	-0.09124479442834854
0.6252157716973844	0.4210945928519041	-0.09108041226863861
0.6254973679054623	0.4210945928519041	-0.09060625731945038
0.6259949791766679	0.4210945928519041	-0.09052903205156326
0.6243395365295368	0.4214102992449585	-0.09185279160737991
0.6248334760362849	0.4214102992449585	-0.09178222715854645
0.6253281977116897	0.4214102992449585	-0.09160381555557251
0.6243203109872544	0.421502380276266	-0.09222370386123657
0.6240403640152002	0.42151839436866734	-0.09314925968647003
0.6240321807175401	0.42151839436866734	-0.09251339733600616
0.6236324786180188	0.42179463746259	-0.09353643655776978
0.6240901228984864	0.42179463746259	-0.09350942820310593
0.6243366285037619	0.42179463746259	-0.09320200234651566
0.6220681414301976	0.42198717052805124	-0.09406845271587372
0.6225564209760612	0.42198717052805124	-0.09402011334896088
0.6230454676539685	0.42198717052805124	-0.0939393863081932
0.6235352832731933	0.42198717052805124	-0.09393492341041565
0.6222363142383672	0.42203469622162926	-0.09503946453332901
0.622364326272337	0.42203469622162926	-0.09476961940526962
0.6222058737212272	0.42240302034685945	-0.09548697620630264
0.6222058737212272	0.42240302034685945	-0.09540022164583206
0.6224143827244857	0.4227304195692864	-0.09585446864366531
0.6219281214879822	0.42278708481932187	-0.09610293805599213
0.6222232595664459	0.42304491170698294	-0.09625689685344696
0.6218841618600758	0.42312990958203606	-0.09625959396362305
0.6214328547525131	0.42323036161618977	-0.09652204066514969
0.6213382808780953	0.42328407555111913	-0.0967748835682869
0.6216329592587349	0.4235705498707426	-0.09712975472211838
0.6214951765878061	0.42359888249576033	-0.09717454016208649
0.620381201334748	0.4248536130322588	-0.0974840596318245
0.6208628637581445	0.4248536130322588	-0.09732164442539215
0.6213452746856954	0.4248536130322588	-0.09724467247724533
0.6199487352872016	0.4248996535479126	-0.09830637276172638
0.6202431204651356	0.42532936502734786	-0.0985155925154686
0.6202782220047529	0.4255972371184244	-0.09981977939605713
0.6205094628010634	0.4255972371184244	-0.09893272072076797
0.6205727263628437	0.4255972371184244	-0.09876823425292969
0.6205370499384598	0.4255972371184244	-0.09856081008911133
0.6201172270839639	0.4256790869240311	-0.09992829710245132
0.6205712172038234	0.4256790869240311	-0.09983135014772415
0.6196756814430854	0.42571257093541565	-0.10084943473339081
0.6201530895181571	0.42571257093541565	-0.1006067618727684
0.6184198290124402	0.42596756456057494	-0.10251554846763611
0.6185654182765821	0.42596756456057494	-0.10193478316068649
0.6187477767089108	0.42596756456057494	-0.10185813903808594
0.6187086867853824	0.42596756456057494	-0.1017872765660286
0.6191842507260322	0.42596756456057494	-0.10175620019435883
0.6196605463035137	0.42596756456057494	-0.10085997730493546
0.618558864365417	0.4261349846174978	-0.10258015245199203
0.6188507091516714	0.4263191466801129	-0.10268045216798782
0.6191421076920754	0.4267529506498284	-0.10293769836425781
0.6192420755242435	0.4276392037460262	-0.10298658162355423
0.6195327304284234	0.4278438282600429	-0.10317686200141907
0.6193058451239531	0.427880660672566	-0.10391712188720703
0.619568683087644	0.427880660672566	-0.1037619337439537
0.6192137725535283	0.4281569037664886	-0.10571065545082092
0.6191242532744494	0.4281569037664886	-0.10480006784200668
0.6195957873591977	0.4281569037664886	-0.10404159873723984
0.6193174722155579	0.4284024531833087	-0.10700631886720657
0.6193131541853265	0.4284024531833087	-0.10603364557027817
0.6188838344007251	0.4286129241120117	-0.10748207569122314
0.6193533972492841	0.4286129241120117	-0.10718661546707153
0.6180445590778779	0.4287384891547038	-0.10784327238798141
0.6184781143241589	0.4287384891547038	-0.10782511532306671
0.6182254201202871	0.42892265121731893	-0.10797733813524246
0.6178861482635805	0.42896166091531135	-0.10827925056219101
0.6180730703444342	0.42896166091531135	-0.10798370093107224
0.6172558524140125	0.4291290809722342	-0.10973729938268661
0.6174198190950796	0.4291290809722342	-0.10873957723379135
0.6175442805583877	0.42915363591391614	-0.10997555404901505
0.6173893260593848	0.4293210559708391	-0.11030908674001694
0.6172128007570399	0.42954109375993765	-0.11068378388881683
0.6176772197192347	0.42954109375993765	-0.11035019904375076
0.6172857330737406	0.42969456214545027	-0.1120290756225586
0.617036805560708	0.4297866431767578	-0.11208082735538483
0.6159574616749347	0.4300133041768994	-0.11349266767501831
0.6164188530319945	0.4300133041768994	-0.11340923607349396
0.6165575684023186	0.4300133041768994	-0.1128983274102211
0.6170201022120728	0.4300133041768994	-0.11254937946796417
0.6151338491576465	0.430043997854002	-0.11527526378631592
0.6153441480500528	0.430043997854002	-0.11463385075330734
0.6158037030523306	0.430043997854002	-0.11412879824638367
0.6157656888792258	0.430043997854002	-0.11394385248422623
0.6160509046267553	0.430043997854002	-0.11386668682098389
0.6147762410427431	0.43032024094792465	-0.11560259759426117
0.6152343455442653	0.43032024094792465	-0.11543921381235123
0.6150628658633958	0.4306149002481088	-0.11642002314329147
0.6147680721053025	0.4306967500537155	-0.1169758066534996
0.615225148738838	0.4306967500537155	-0.11655620485544205
0.6130601181080557	0.43097299314763815	-0.11970991641283035
0.6135135649409759	0.43097299314763815	-0.11893998831510544
0.6139676830497405	0.43097299314763815	-0.11888878792524338
0.6139776375553113	0.43097299314763815	-0.11861757934093475
0.6143157271777822	0.43097299314763815	-0.11850247532129288
0.6147461610190929	0.43097299314763815	-0.1178838238120079
0.6147571084289066	0.43097299314763815	-0.11748003959655762
0.6116971371000117	0.431247430731143	-0.12392813712358475
0.6117793883055346	0.431247430731143	-0.12381771951913834
0.6120091446712719	0.431247430731143	-0.12358911335468292
0.6121730851302087	0.431247430731143	-0.12276601046323776
0.6126248733849174	0.431247430731143	-0.12231577932834625
0.6130773289782593	0.431247430731143	-0.12115755677223206
0.6107168937730661	0.4316894196814193	-0.12505987286567688
0.6111656203665805	0.4316894196814193	-0.1248985156416893
0.6116150068521442	0.4316894196814193	-0.12396226823329926
0.6105682242058218	0.43239966527304285	-0.12715983390808105
0.6104247198917577	0.43239966527304285	-0.12695187330245972
0.6101391075163118	0.43239966527304285	-0.12692412734031677
0.610586751762472	0.43239966527304285	-0.1267213076353073
0.6101492853350631	0.43255313365855547	-0.1275254189968109
0.608826848898976	0.43258661766994	-0.12978495657444
0.6092709239164078	0.43258661766994	-0.12877866625785828
0.6097156472185365	0.43258661766994	-0.1284734457731247
0.6101610202260007	0.43258661766994	-0.12829983234405518
0.6101418662668359	0.43258661766994	-0.12793496251106262
0.6052050682310122	0.43288127697012413	-0.13898807764053345
0.60564203939941	0.43288127697012413	-0.13753198087215424
0.6060796420290339	0.43288127697012413	-0.13710837066173553
0.6065178774896477	0.43288127697012413	-0.1359747052192688
0.6069567471549803	0.43288127697012413	-0.13523603975772858
0.6068531676815226	0.43288127697012413	-0.13488395512104034
0.6068976594367597	0.43288127697012413	-0.1346706748008728
0.6067032414958146	0.43288127697012413	-0.13393916189670563
0.6071435196101076	0.43288127697012413	-0.1336100846529007
0.607584437198786	0.43288127697012413	-0.1321241408586502
0.6077837475940371	0.43288127697012413	-0.13192911446094513
0.6082257721377419	0.43288127697012413	-0.13139857351779938
0.608668440094174	0.43288127697012413	-0.131224125623703
0.609111752869188	0.43288127697012413	-0.1310499608516693
0.6045605554566335	0.4332496010953543	-0.14288455247879028
0.6044110662801105	0.4332496010953543	-0.14184528589248657
0.604845894385348	0.4332496010953543	-0.14136293530464172
0.6046178722593109	0.4332496010953543	-0.14125721156597137
0.6050534759136764	0.4332496010953543	-0.14115335047245026
0.6054897076915521	0.4332496010953543	-0.13934525847434998
0.6047247857350805	0.4334798036736232	-0.14334745705127716
0.6034252339032715	0.43355987413562974	-0.14409515261650085
0.6038577967949585	0.43355987413562974	-0.14400114119052887
0.6042909802933767	0.43355987413562974	-0.14335572719573975
0.6027355948295438	0.4336256463008495	-0.1442708522081375
0.6031364542082799	0.4336256463008495	-0.14424733817577362
0.6025888296940729	0.4337238660675775	-0.14719724655151367
0.6025888296940729	0.4337238660675775	-0.14584730565547943
0.6030195579497514	0.4337238660675775	-0.1445760875940323
0.6007601950450359	0.4340658813267198	-0.1558309942483902
0.6010623509539281	0.4340658813267198	-0.15506815910339355
0.6014895452332131	0.4340658813267198	-0.15483751893043518
0.6019173471857261	0.4340658813267198	-0.15314993262290955
0.6021322349773173	0.4340658813267198	-0.15288083255290985
0.6019506034800484	0.4340658813267198	-0.15181531012058258
0.6023796488139614	0.4340658813267198	-0.1505638211965561
0.6026123087088426	0.4340658813267198	-0.1487259417772293
0.602770524217591	0.4340658813267198	-0.14865481853485107
0.6009717326849436	0.4341046522872704	-0.15872929990291595
0.6010433438428763	0.4341046522872704	-0.1580408811569214
0.6010433438428763	0.4341046522872704	-0.15770478546619415
0.6004039001544946	0.4341391826740107	-0.16390736401081085
0.6008288144504285	0.4341391826740107	-0.16268569231033325
0.6012543306079713	0.4341391826740107	-0.15956427156925201
0.5993219037950122	0.43434965360271366	-0.17803749442100525
0.5997445567596066	0.43434965360271366	-0.17776215076446533
0.5998384719960871	0.43434965360271366	-0.17607834935188293
0.6002620867361974	0.43434965360271366	-0.17423221468925476
0.6006863002250569	0.43434965360271366	-0.1643587052822113
0.5996040714683958	0.43448777514967496	-0.17968058586120605
0.5992826450583949	0.4345476278200248	-0.18164855241775513
0.5992225931904838	0.4346519863221734	-0.18747521936893463
0.5970808531145754	0.43476248355974245	-0.20654495060443878
0.5974986843623812	0.43476248355974245	-0.2004878669977188
0.5979171008080132	0.43476248355974245	-0.19722039997577667
0.597923885535897	0.43476248355974245	-0.19646698236465454
0.5983431869984047	0.43476248355974245	-0.19408926367759705
0.5986628263276267	0.43476248355974245	-0.18904225528240204
0.599083235615778	0.43476248355974245	-0.1881375014781952
0.5995042357813548	0.43476248355974245	-0.18786339461803436
0.5946152170572901	0.4348085240753962	-0.2673811614513397
0.5947197200305767	0.4348085240753962	-0.2669008672237396
0.5947197200305767	0.4348085240753962	-0.26473289728164673
0.5947197200305767	0.4348085240753962	-0.2481432557106018
0.5951338702534392	0.4348085240753962	-0.23697838187217712
0.595527480594868	0.4348085240753962	-0.22763626277446747
0.5957972377973931	0.4348085240753962	-0.21016454696655273
0.5959803947439836	0.4348085240753962	-0.21010202169418335
0.5963965821704807	0.4348085240753962	-0.20993514358997345
0.59681335127053	0.4348085240753962	-0.20964063704013824
0.5942060292558217	0.4352996229090365	-0.30552276968955994
0.5942060292558217	0.4352996229090365	-0.28254711627960205
0.594618959088522	0.4352996229090365	-0.26843345165252686
