Precision	Recall	Confidence
0.8461538461538461	0.0007031642390758413	-1.298813549510669e-05
0.9230769230769231	0.0010714883643060439	-1.3605753338197246e-05
0.7435897435897436	0.0013784251353312128	-1.4623005881730933e-05
0.8076923076923077	0.0017467492605614152	-1.505801537859952e-05
0.8239316239316239	0.002074148482988262	-1.5735626220703125e-05
0.8532763532763532	0.0024424726082184645	-1.7264310372411273e-05
0.8742368742368741	0.002810796733448667	-1.7695956557872705e-05
0.8899572649572651	0.0033837453726956487	-2.2584741600439884e-05
0.902184235517569	0.0037520694979258514	-2.269744800287299e-05
0.8976800976800977	0.004488717748386256	-2.6248750145896338e-05
0.8999888999889	0.004828709248598751	-2.6729974706540816e-05
0.9083231583231585	0.0053811954364440555	-2.727301216509659e-05
0.8621207851977084	0.005703479046020483	-2.941718412330374e-05
0.8719693005407292	0.00612295929975488	-3.2116622605826706e-05
0.850875050875051	0.006435914438839367	-3.3020973205566406e-05
0.8565188896071251	0.006782572439056028	-3.362619099789299e-05
0.8607572742520841	0.007361367492989204	-3.437020495766774e-05
0.830031442776541	0.00768365110256563	-3.676944470498711e-05
0.8349285733186663	0.008023642602778125	-4.2733692680485547e-05
0.8255350858292034	0.008293746961280274	-4.713875750894658e-05
0.8285519335939506	0.00862114618370712	-4.882812572759576e-05
0.8363450275214983	0.008989470308937323	-4.891915887128562e-05
0.8248269207348492	0.009971667976217864	-5.3732292144559324e-05
0.8196257990375638	0.010229494863879005	-5.622013850370422e-05
0.8148407670760612	0.010487321751540147	-5.9503385273274034e-05
0.811705865778264	0.010839275915649007	-8.28063057269901e-05
0.8186797226012913	0.01120760004087921	-9.198188490699977e-05
0.82277449441315	0.011551369224427399	-9.516378486296162e-05
0.828885718743731	0.0119196933496576	-9.627964027458802e-05
0.8345895281189399	0.01255198309796945	-0.00010259528062306345
0.8345895281189399	0.01255198309796945	-9.703640535008162e-05
0.8178540424920131	0.013305373354122133	-0.00010789673979161307
0.8019114882795223	0.013532034354263799	-0.00010790144006023183
0.8048838674225671	0.013863526066970978	-0.00011134715168736875
0.8052749836213686	0.01413976916089363	-0.00011715292930603027
0.7981401428194883	0.014741365232102961	-0.00012674927711486816
0.7954140277411691	0.015396163676956655	-0.00014158299018163234
0.8009433783427592	0.016114395721155552	-0.0001474256132496521
0.8045369736495287	0.016482719846385753	-0.00015582561900373548
0.804054340625548	0.01677211737335234	-0.00015731291205156595
0.8089529821099093	0.017140441498582543	-0.00017126869352068752
0.8136126654730823	0.017508765623812747	-0.00017798940825741738
0.8132885543903899	0.01780342492399691	-0.0001944767136592418
0.8147237042882877	0.018309870596188434	-0.0002052942872978747
0.8189345291908267	0.01867819472141864	-0.00020570021297316998
0.8229582063199193	0.019046518846648843	-0.00020615951507352293
0.8246330279216602	0.019414842971879044	-0.00022228558373171836
0.8283642400935398	0.019761500972095704	-0.0002238452434539795
0.8249955406471465	0.020129825097325908	-0.00022556667681783438
0.8238574840876287	0.020792064433598392	-0.00022668104793410748
0.8257136677392094	0.021129694881726075	-0.0002356052427785471
0.8232486938619701	0.02186634313218648	-0.00025485543301329017
0.8225268783206684	0.022155740659153073	-0.0002576857805252075
0.8092586870601145	0.022620530626705465	-0.00028564815875142813
0.8245277188914374	0.022620530626705465	-0.0002619315928313881
0.8101293083343464	0.02295202233941265	-0.0002993509697262198
0.8135198563998045	0.023320346464642854	-0.0003040958836209029
0.8167914378664746	0.023688670589873062	-0.0003128775570075959
0.8183828080599993	0.0240235107037187	-0.00032621363061480224
0.8200486361719767	0.024361141151846382	-0.0003690304874908179
0.8193441218654066	0.02477039017987994	-0.0003735754289664328
0.8210446595901857	0.025065049480064102	-0.0004065990506205708
0.8224647603885845	0.02539988959390974	-0.0004604127607308328
0.8239600287422049	0.025737520042037422	-0.0004898548359051347
0.8232384310708857	0.02593584841716138	-0.0005858365329913795
0.8259578398236411	0.026283710090989905	-0.000590957177337259
0.8227673364230499	0.026744115247527657	-0.000604674918577075
0.8216812567749446	0.02702035834145031	-0.0006115870201028883
0.8243035912341367	0.02738868246668051	-0.0006265838746912777
0.8234398563228148	0.027730697725822845	-0.0006537070730701089
0.8143288744545666	0.028099021851053042	-0.0006651878356933594
0.8259621440896318	0.028099021851053042	-0.0006540646427311003
0.8163520845315865	0.028452613011274032	-0.0007005298975855112
0.817345739385796	0.0287472723114582	-0.0007057666662149131
0.8130572834481502	0.0289314343740733	-0.0007134960032999516
0.8070650045173263	0.029176983790893438	-0.0007175339851528406
0.7993061400414119	0.03193941473011995	-0.0007563186809420586
0.8006138525084066	0.03253543013276519	-0.0007699597044847906
0.8013385833370533	0.03285113652581965	-0.0007756096892990172
0.8009479758964841	0.033653556941499733	-0.0008219991577789187
0.7981144030018186	0.03402188106672993	-0.0008513768552802503
0.7965113818269997	0.034605459550860904	-0.0008514344808645546
0.7919349394756703	0.03475892793637349	-0.0008518733084201813
0.7920309521009599	0.03505358723655765	-0.000880535168107599
0.7926676920309937	0.03576304196607635	-0.0008914351346902549
0.7856654652687287	0.03684170547567909	-0.000902018800843507
0.7830205237777726	0.03704632998969587	-0.0009021006408147514
0.784674511332246	0.03734559334144541	-0.0009084370103664696
0.7825995168228949	0.03771391746667561	-0.0009085635538212955
0.7763885384311828	0.03814362894611085	-0.0009736450156196952
0.7850150777470849	0.03814362894611085	-0.0009459018474444747
0.7777321412743221	0.038802519881244876	-0.0010059087071567774
0.7788570961119797	0.03912751175644799	-0.0010158538352698088
0.7808005148931125	0.03948166956916935	-0.0010367411887273192
0.7831078778942376	0.039849993694399545	-0.0010680167470127344
0.7844991152772837	0.0404166461947537	-0.0011367343831807375
0.7718902897954343	0.04136214636677321	-0.001200233236886561
0.7798479216489955	0.04136214636677321	-0.0011897538788616657
0.7714396073457099	0.042130365256539064	-0.0012084424961358309
0.7690193289193118	0.04249278043858376	-0.0012337875086814165
0.7698918390997429	0.042808486831638216	-0.001245788880623877
0.7721478014615101	0.0433241406069605	-0.00128734961617738
0.7708295085964822	0.04365563231966768	-0.0013135274639353156
0.7721589451396978	0.044269505861718024	-0.001315895700827241
0.7743288599478912	0.04463782998694823	-0.0013192447368055582
0.7714925896703292	0.04634907556559712	-0.0013222694396972656
0.7736281729444382	0.046717399690827326	-0.0013251430355012417
0.7750628327187622	0.04705941494996965	-0.0013418197631835938
0.7763619504614035	0.04739704539809733	-0.0013513816520571709
0.7742627922340686	0.0475670411482036	-0.001365559408441186
0.7735244580004976	0.04788255409371329	-0.0013935929164290428
0.7718263229588265	0.04809740983343091	-0.0014527979074046016
0.7728622748697119	0.048424809055857755	-0.0014655112754553556
0.7713459391252407	0.04963023346570205	-0.0014683696208521724
0.7673559744371952	0.04989332212658078	-0.0014739882899448276
0.7693615263817021	0.05038442096022104	-0.0014816403854638338
0.7594994666125207	0.05118803723345058	-0.0015083923935890198
0.7659909150451063	0.05118803723345058	-0.0014864493859931827
0.7602599752964492	0.05150111273989624	-0.0015581435291096568
0.7559581575229541	0.05186943686512645	-0.0016763267340138555
0.7622578088356454	0.05186943686512645	-0.001675883075222373
0.7579585004940774	0.05223776099035665	-0.0017077502561733127
0.7585713040130958	0.052500849651235366	-0.001775236683897674
0.7568892773678288	0.05360582202692599	-0.0017863335087895393
0.7501661671450591	0.05385137144374612	-0.0018259239150211215
0.7561674964822196	0.05385137144374612	-0.0018113349797204137
0.7521333626793499	0.05421969556897632	-0.0018658076878637075
0.7540698207834176	0.05458801969420653	-0.0019376277923583984
0.7491933105447864	0.054640637426382255	-0.001949246390722692
0.7507379773867496	0.05534045326431964	-0.0019674301147460938
0.7526407409181485	0.05568422244786783	-0.0019910563714802265
0.7524485589965924	0.05639253807331054	-0.0020134940277785063
0.754309848026693	0.05676086219854075	-0.0020283411722630262
0.7524120133399267	0.05766588719196352	-0.0020422697998583317
0.7446151046470192	0.05779982323750178	-0.002096084412187338
0.7501307720888489	0.05779982323750178	-0.002059187041595578
0.7426375068797147	0.05836028180901008	-0.0020979775581508875
0.7414831288105381	0.05859560000012938	-0.0021328874863684177
0.7411293486918126	0.05900725637538667	-0.002175283385440707
0.7429784247725854	0.059375580500616865	-0.0022402573376893997
0.7433828331075314	0.059670239800801037	-0.0022406047210097313
0.7419889719268767	0.06038715640169553	-0.0022434466518461704
0.7379967008521348	0.060721996515541166	-0.0022945490200072527
0.7431575169420098	0.060721996515541166	-0.0022718843538314104
0.7361911406820543	0.061607927650091085	-0.0023619174025952816
0.7377240780746429	0.06220706822713221	-0.002373240888118744
0.7376942090627973	0.06250550521065207	-0.0023749968968331814
0.732825830417659	0.06361047758634268	-0.0023972850758582354
0.7377773562988594	0.06361047758634268	-0.002395747462287545
0.7273768600999228	0.06384725738113352	-0.002435796894133091
0.7322260391672556	0.06384725738113352	-0.0024193953722715378
0.7279368807571601	0.06458390563159391	-0.0024501043371856213
0.7280810841509042	0.0648908424026191	-0.002561024622991681
0.7298467913966776	0.0652444335628401	-0.002576379105448723
0.7315897153231508	0.06564423838253441	-0.0025985410902649164
0.7322419180027031	0.06575933967166885	-0.0026026873383671045
0.7318242412426009	0.06590666932176094	-0.0026039527729153633
0.7322557333866351	0.06664331757222133	-0.0026433467864990234
0.7311444115134836	0.06678498069730988	-0.002667665481567383
0.7293525367193021	0.06740029864769445	-0.0026890181470662355
0.7263012491502087	0.06758446071030955	-0.002716261660680175
0.7279907476122444	0.06811063803206698	-0.0027257695328444242
0.7296595160318012	0.06864895790740343	-0.002730898093432188
0.7302916734543715	0.070004522232581	-0.002813446568325162
0.7319262693728299	0.07098199779569192	-0.0028529970441013575
0.7295251071075317	0.07144240295222967	-0.0029856020119041204
0.728749507663774	0.07222509171834385	-0.0029921603854745626
0.7257606433859836	0.07257587659951548	-0.003047461388632655
0.730080647215662	0.07257587659951548	-0.003046870231628418
0.7236586457933105	0.07294420072474568	-0.0031239287927746773
0.7247873476697628	0.07377293000651364	-0.003146914066746831
0.725741426397781	0.07422641403978318	-0.0032590683549642563
0.7244365626613778	0.07520462551523222	-0.003268088912591338
0.7255413333740519	0.07624207180129729	-0.003313574008643627
0.7271096686119145	0.07661039592652749	-0.0033179388847202063
0.7278853884700079	0.07732862797072639	-0.0033258397597819567
0.7290904228322578	0.07763879565513075	-0.003385117743164301
0.7265307533034058	0.07800711978036096	-0.003429495496675372
0.7306123867489305	0.07800711978036096	-0.003418039297685027
0.7258278046739424	0.07855123496536012	-0.0034412348177284002
0.7268403080132627	0.07925280472770337	-0.003470726078376174
0.7283411854417613	0.07962112885293357	-0.003473238553851843
0.7258514919296603	0.08265676724768797	-0.003521939739584923
0.7232639940332092	0.0829987825068303	-0.0035724437329918146
0.7269532307157568	0.0829987825068303	-0.0035221916623413563
0.7224880981965848	0.08507572132410061	-0.003600963158532977
0.7236378944629133	0.08542102519150394	-0.003607099177315831
0.7241692323209015	0.08660287792031798	-0.00363603001460433
0.7256286543721135	0.08690214127206752	-0.003637604182586074
0.7270727140859445	0.08727046539729773	-0.0037767805624753237
0.7273381856235983	0.08748532113701535	-0.003828310174867511
0.7263544530862959	0.08826800990312954	-0.003847862360998988
0.727599594089303	0.08862405655751873	-0.0038700259756296873
0.7290037198929664	0.08885206673028029	-0.003972494974732399
0.7296608436737351	0.08916777312333475	-0.004046787042170763
0.7306999890291412	0.08951154230688294	-0.0040745302103459835
0.732066994160973	0.08973253678202106	-0.004086310975253582
0.73342019116016	0.09010086090725125	-0.004133231937885284
0.731045564899141	0.09114035343845649	-0.004180088639259338
0.7294491606040571	0.0918770016889169	-0.0043212599121034145
0.7291368098879506	0.09207790575722428	-0.004351300653070211
0.7304777167696934	0.09239361215027873	-0.004364361520856619
0.7311016829784281	0.0927093185433332	-0.004381102975457907
0.7255949998924598	0.09303671776576004	-0.004597888328135014
0.7291518381272268	0.09303671776576004	-0.004468024708330631
0.7242301913708674	0.09340504189099025	-0.0046039605513215065
0.7255624126685929	0.09377336601622045	-0.0046126046217978
0.7268818241461477	0.09479283457712546	-0.004734740126878023
0.728188609676549	0.09516115870235567	-0.004758680704981089
0.7268639020114225	0.09610038522169269	-0.004789263941347599
0.7281583858881457	0.09646870934692289	-0.004840306006371975
0.7294406576528243	0.09660264539246113	-0.004990051034837961
0.7307108893070363	0.09697096951769134	-0.005140751600265503
0.7307231437183741	0.09770761776815173	-0.00518027925863862
0.7319755942127073	0.09807594189338194	-0.005324735306203365
0.7327020446510231	0.09840334111580876	-0.005338609218597412
0.7333577955973317	0.09872562472538518	-0.005388716701418161
0.7345809249753256	0.09909394885061538	-0.005407804157584906
0.7342708142067929	0.09933949826743553	-0.005467678420245647
0.7346522278612247	0.09977897591685793	-0.005498839542269707
0.7358528965134363	0.10014730004208813	-0.005517421755939722
0.7370427483309434	0.10051562416731835	-0.005612108390778303
0.736591272492525	0.10080209848694181	-0.005720458459109068
0.7357830773276277	0.10100730764242724	-0.005768993403762579
0.735797954471872	0.10172349344148596	-0.005806143395602703
0.736966990071554	0.10209181756671616	-0.005806513596326113
0.7381257257981112	0.10253906829020998	-0.0058656008914113045
0.7389088001001662	0.10272323035282509	-0.005890205502510071
0.7370111539254359	0.10295761843251705	-0.005932509899139404
0.736781585979307	0.10419875912117157	-0.005948989652097225
0.7370552587672753	0.10438292118378667	-0.006024644710123539
0.7379617810185054	0.10473185982874159	-0.006038632709532976
0.7383711009855217	0.10573159674008072	-0.006076019257307053
0.735396784286827	0.10609992086531092	-0.006115714553743601
0.738539505587198	0.10609992086531092	-0.006091287359595299
0.7365179843534082	0.10672146782663688	-0.006157999392598867
0.7355200181747019	0.10726279267735403	-0.006175945047289133
0.7299421562422055	0.10755745197753817	-0.006259832996875048
0.7330091400919626	0.10755745197753817	-0.0062464396469295025
0.7310673972578631	0.10809356820426212	-0.006280315574258566
0.7321833001738055	0.10832022920440379	-0.0063882190734148026
0.7319125702832802	0.10846755885449587	-0.006391115952283144
0.7321494472953264	0.10869776143276474	-0.006438431795686483
0.7316078511998538	0.10884509108285682	-0.0064441366121172905
0.7327033293582218	0.1091986822430778	-0.006480237934738398
0.733451147802565	0.10953631269120549	-0.006506042554974556
0.7337205763539716	0.10978186210802564	-0.006572779268026352
0.734794283707383	0.11022385105830186	-0.006627516355365515
0.734138196509476	0.11090383405872685	-0.006668065208941698
0.7338683103901048	0.11136123003123495	-0.00672551104798913
0.7320122126885961	0.11172955415646514	-0.006824666168540716
0.7349285960060805	0.11172955415646514	-0.006793712731450796
0.7329250615039097	0.11208423664742757	-0.006861442234367132
0.733976537639721	0.11245256077265778	-0.006917132064700127
0.735019766903879	0.11296254802297653	-0.006950330920517445
0.7353224240644107	0.11326181137472605	-0.007031669840216637
0.7334988608060536	0.11441589363378069	-0.007042379584163427
0.7340150150923351	0.11473510787564686	-0.007437935099005699
0.7350419841460327	0.11510343200087707	-0.007456302642822266
0.7338871403943005	0.1162846735136103	-0.007515628822147846
0.7340225565967391	0.11656799976378737	-0.007700007874518633
0.7317902648391684	0.1170298665239967	-0.007816050201654434
0.7339472251375366	0.1170298665239967	-0.007718401495367289
0.7319453292629869	0.11759072371468814	-0.00791654922068119
0.7311693687354801	0.11825296305096061	-0.007927555590867996
0.7321800102063993	0.11862128717619082	-0.008022465743124485
0.7323018299522666	0.11955293055177309	-0.008023688569664955
0.7312654255664203	0.11975104428579843	-0.008082461543381214
0.7306380448022328	0.12030353047364374	-0.008125501684844494
0.7316356816733357	0.1205846199376352	-0.008141032420098782
0.7303551639720148	0.12205791643855599	-0.008301875554025173
0.7313465052809413	0.1222543559720121	-0.008482607081532478
0.7297664814520732	0.12234643700331965	-0.008485518395900726
0.7302313587356163	0.12255690793202265	-0.008547719568014145
0.730848699249305	0.12288839964472982	-0.00859159603714943
0.7318238851215901	0.12325672376996002	-0.008611605502665043
0.7327920299406457	0.12356366054098518	-0.008629932068288326
0.7332393350744667	0.12387936693403963	-0.00869065523147583
0.7322838774816073	0.12431837952774837	-0.008874972350895405
0.7309781017286967	0.12570903920570084	-0.008908107876777649
0.7319354750321533	0.1263024502963495	-0.008939848281443119
0.7319404319764837	0.1269035348062738	-0.008970222435891628
0.7294944809387296	0.12718686105645088	-0.008977478370070457
0.7320721999526473	0.12718686105645088	-0.008970980532467365
0.728250640654734	0.12740785553158898	-0.0089801587164402
0.7241369187034693	0.1277761796568192	-0.009080197662115097
0.7266600438557462	0.1277761796568192	-0.009059345349669456
0.7292008132398572	0.1277761796568192	-0.008996876887977123
0.723361358431139	0.12824272354877747	-0.009137219749391079
0.7204204181357672	0.1284821342301771	-0.00919804722070694
0.7229046264741664	0.1284821342301771	-0.009189818985760212
0.7213778824572201	0.12871102088156716	-0.009206612594425678
0.7223288111860351	0.12899749520119064	-0.009210088290274143
0.723273271011933	0.12936581932642086	-0.009223366156220436
0.7223789869049754	0.12999244868233198	-0.009257595054805279
0.7223955198116232	0.1303914664846647	-0.009262329898774624
0.7198962210209411	0.13064929337232586	-0.009598572738468647
0.7223201140210116	0.13064929337232586	-0.009509303607046604
0.7199969025559881	0.13140435782904775	-0.009624860249459743
0.7209302462141348	0.13177268195427796	-0.009697516448795795
0.7210268234692374	0.13204892504820062	-0.009736876003444195
0.7219505757094055	0.13255891229851935	-0.009781564585864544
0.722868230575051	0.13265936433267303	-0.009812988340854645
0.7237798482376331	0.1328860253328147	-0.009983222000300884
0.724685488079477	0.1332543494580449	-0.010028444230556488
0.7239984866537524	0.1334526778331689	-0.01008459459990263
0.7240769130807254	0.1334526778331689	-0.010036656633019447
0.7248945954633182	0.13382100195839908	-0.010087850503623486
0.7231197604884702	0.1338860003334397	-0.010108540765941143
0.7237441053471095	0.13413922316953544	-0.010214895009994507
0.7239893011498519	0.1343847725863556	-0.010278264991939068
0.7246450130967159	0.13470398682822177	-0.01030067540705204
0.7250683288923905	0.13490489089652916	-0.01034569926559925
0.725007227058151	0.1352205972895836	-0.010356794111430645
0.7254267052488962	0.13540475935219873	-0.010376802645623684
0.7262956080803871	0.1356349619304676	-0.010395907796919346
0.726458012401199	0.1359214362500911	-0.01042056642472744
0.7266892765131449	0.13621609555027528	-0.01043753419071436
0.7251277785572147	0.13695274380073566	-0.01044844277203083
0.7250938971063663	0.13723607005091273	-0.010456958785653114
0.7236957983665752	0.1379025613251388	-0.0105735557153821
0.7259503024113309	0.1379025613251388	-0.010467927902936935
0.7245512293313846	0.138270885450369	-0.010756944306194782
0.7254013798581394	0.13852871233803016	-0.01081665325909853
0.7247574649424469	0.13993783115046388	-0.010916559025645256
0.7238356396642259	0.14099369364279046	-0.01103147678077221
0.7240006003312398	0.14128016796241394	-0.011137598194181919
0.7235005985009616	0.14230972158865265	-0.011239929124712944
0.722434649707738	0.14255527100547277	-0.011249348521232605
0.7243410222137247	0.14255527100547277	-0.011248103342950344
0.7218421455982695	0.14344334139630563	-0.011312787421047688
0.7217333267431973	0.14379693255652662	-0.011328096501529217
0.7225689623986231	0.1441652566817568	-0.011346044950187206
0.7212221309924214	0.14444149977567947	-0.01139254029840231
0.7206550500043843	0.1447710529403591	-0.011530296877026558
0.7214864337841332	0.14513937706558933	-0.01158424373716116
0.7211715915930368	0.14541207858138477	-0.011617220938205719
0.7211715915930368	0.14541207858138477	-0.011597789824008942
0.721996527712584	0.14591247852929853	-0.011631007306277752
0.720690665784863	0.14615080590444748	-0.011783801019191742
0.7228165969523699	0.14615080590444748	-0.011703693307936192
0.7210209961882308	0.14638100848271635	-0.011853933334350586
0.7178457751506043	0.14731409626663286	-0.011914923787117004
0.7199447394054307	0.14731409626663286	-0.01185873057693243
0.7183545291264954	0.14764295709273126	-0.011940284632146358
0.7191708928101868	0.14833627309316458	-0.012005116790533066
0.7199825376286544	0.14870459721839477	-0.01204315572977066
0.7203091969822701	0.14899618715086868	-0.012124365195631981
0.721112906186344	0.14929951290105825	-0.01214864943176508
0.7213910406046693	0.14960086900351932	-0.012156825512647629
0.7221870662029417	0.14977600351404546	-0.012222721241414547
0.7226498249448575	0.1501018287017491	-0.012240186333656311
0.7222679654822802	0.15062800602350654	-0.012268643826246262
0.7215438824828027	0.15119072343705267	-0.012287923134863377
0.7223304816848286	0.1520110817159745	-0.012288575991988182
0.7222553315220911	0.1526454177094265	-0.012376436963677406
0.7229078318676624	0.15299699982896442	-0.01244289893656969
0.7236840004058481	0.15318116189157951	-0.012500147335231304
0.724455832806949	0.15354948601680973	-0.012560508213937283
0.725223365306094	0.1539752511663318	-0.012616455554962158
0.7233477448469104	0.1541635057192272	-0.012620718218386173
0.7213080703818261	0.15438713108097413	-0.012661189772188663
0.7233061536792827	0.15438713108097413	-0.012649565935134888
0.7214636343140464	0.15479312471901197	-0.012698465026915073
0.721443914753529	0.15487319518101852	-0.012730306945741177
0.7222070821103688	0.1551099749758094	-0.012887603603303432
0.7229660791537831	0.15547829910103958	-0.013014285825192928
0.7231154298312327	0.1562149473515	-0.01302360836416483
0.7238678335545172	0.15654643906420718	-0.01302887313067913
0.7226577371569254	0.15691476318943737	-0.0130982780829072
0.7246161592088411	0.15691476318943737	-0.013089215382933617
0.7228662068680926	0.15711566725774476	-0.013131656683981419
0.7229391471722105	0.15721611929189844	-0.013273239135742188
0.7218387741234915	0.15760490586853032	-0.013397479429841042
0.7225825207167442	0.1579118426395555	-0.013401031494140625
0.7222111895503884	0.1585011612399238	-0.013424823991954327
0.7221316589726152	0.1588025173423849	-0.013441170565783978
0.7219845369771088	0.15904806675920505	-0.013518095016479492
0.7223893397893386	0.15923222882182014	-0.01352159958332777
0.7200042946811356	0.15999957074938306	-0.013685624115169048
0.7219040421605053	0.15999957074938306	-0.013657920993864536
0.7207391915454895	0.16015465459158526	-0.013713131658732891
0.7214702407822814	0.16052297871681545	-0.013810639269649982
0.7218244773785232	0.16093913714402358	-0.013822791166603565
0.7225488928020166	0.1613074612692538	-0.013894576579332352
0.7230334175196501	0.16202876268116295	-0.014063271693885326
0.7237509475260758	0.16379597439312607	-0.014071621000766754
0.7234846392771	0.16511483323452053	-0.014095802791416645
0.7229646766254446	0.16592394525309687	-0.014155115932226181
0.7236768496932454	0.1664711696677246	-0.014248688705265522
0.7228822759849249	0.16915686641419483	-0.01429824624210596
0.7211755580298626	0.16917360841988713	-0.014324009418487549
0.7182753211243899	0.16945538544771102	-0.014412027783691883
0.7198379385657582	0.16945538544771102	-0.01440469454973936
0.7216742598376096	0.16945538544771102	-0.0143880695104599
0.7178071135603619	0.1696027150978031	-0.014731469564139843
0.7173833582230881	0.1707076874734937	-0.01477787084877491
0.7180952389328537	0.1721632498498664	-0.014816656708717346
0.7188035423526203	0.17232531246496768	-0.014830494299530983
0.7195082953793055	0.17260155555889034	-0.014842708595097065
0.7187621562198047	0.17296987968412053	-0.014890260063111782
0.7190478698784418	0.1732768164551457	-0.014919281005859375
0.7197467557742667	0.1736451405803759	-0.015019872225821018
0.720442173253735	0.1740134647056061	-0.015148206613957882
0.7197840130589125	0.1741669330911187	-0.015337007120251656
0.720475904384693	0.17453525721634888	-0.015358482487499714
0.7204399596767042	0.1747952507165114	-0.015459786169230938
0.7211268393826582	0.17518111408580017	-0.015609551221132278
0.7207599318631628	0.17567221291944043	-0.015614856034517288
0.721137046944182	0.17590660099913236	-0.015643110498785973
0.721137046944182	0.17590660099913236	-0.01563904620707035
0.7218172004882206	0.17610917926800898	-0.0156533382833004
0.7203936773235758	0.1763512208360174	-0.015852266922593117
0.7221464599934629	0.1763512208360174	-0.015744773671030998
0.7209553898539812	0.17670200571718903	-0.01585495099425316
0.7209392795265216	0.17764123223652603	-0.015913667157292366
0.7216117149975421	0.17794258833898713	-0.015978559851646423
0.722280917605721	0.17831091246421732	-0.01598007045686245
0.7213481895858831	0.17916010419738695	-0.015981294214725494
0.7213623631210191	0.17986698888217217	-0.016004130244255066
0.7220273694142864	0.18023531300740236	-0.016090121120214462
0.7214987328204426	0.18104387215850296	-0.01617802307009697
0.7221602560203942	0.18152269352130224	-0.016248753294348717
0.7215426688296787	0.18188180954340166	-0.01629364676773548
0.7219228349581581	0.18248304451252742	-0.016313474625349045
0.7225786773285398	0.1828162901496405	-0.016328085213899612
0.7232314333818844	0.18318461427487068	-0.016336441040039062
0.723881124852819	0.18329971556400512	-0.016352960839867592
0.7230486656672891	0.18349804393912908	-0.016354400664567947
0.7225275239250758	0.18416772416682034	-0.016364725306630135
0.7230633128025952	0.18451850904799197	-0.016481103375554085
0.7223507624627442	0.18524814160082895	-0.016685737296938896
0.7227049370277959	0.1855059684884901	-0.016872840002179146
0.7233468237476389	0.1858497376720383	-0.01688237115740776
0.7220871609653917	0.18612598076596096	-0.017046986147761345
0.7237547987505312	0.18612598076596096	-0.01691485568881035
0.7224386847332874	0.18641245508558443	-0.017060160636901855
0.722911466255852	0.18696494127342975	-0.0170618686825037
0.7220199831141526	0.18733326539865994	-0.017084989696741104
0.7226546406869514	0.1876095084925826	-0.017165647819638252
0.7231873675626769	0.18806991364912035	-0.017175793647766113
0.7220740629394284	0.1888556717829448	-0.017224781215190887
0.7227042804837835	0.189223995908175	-0.01723291166126728
0.7230601531523723	0.18961687497508722	-0.017349446192383766
0.7236852995335181	0.1901325287504095	-0.017414934933185577
0.7236641292964736	0.1905673558426952	-0.017450805753469467
0.7242851087812006	0.19091112502624338	-0.017489353194832802
0.7246230345462652	0.1912334086358198	-0.01756037399172783
0.7244933782422839	0.19147895805263992	-0.017661621794104576
0.7244705932780952	0.1917858948236651	-0.01783435419201851
0.7244705932780952	0.1917858948236651	-0.017749197781085968
0.724527451644959	0.19206213791758775	-0.01786058582365513
0.7247692424931554	0.1923690746886129	-0.01796567067503929
0.7253795102481596	0.19266373398879705	-0.01807183399796486
0.7238939004408339	0.19295020830842055	-0.018324339762330055
0.7254954356188004	0.19295020830842055	-0.018176184967160225
0.7239514028627704	0.19368685655888096	-0.018421903252601624
0.7235884844595813	0.19473356479663312	-0.018441567197442055
0.7225005698667605	0.1949834990244679	-0.018772991374135017
0.7240850009410297	0.1949834990244679	-0.0186202060431242
0.7225606122906323	0.19552761420946707	-0.018892444670200348
0.7224947017895801	0.19609851660357394	-0.018910592421889305
0.723097974176994	0.19643000831628113	-0.018931293860077858
0.7228309503718378	0.1965527830246912	-0.018962804228067398
0.7219323818811895	0.19710526921253652	-0.019148578867316246
0.7221279922874936	0.1982992869811399	-0.019305313006043434
0.7218394304379896	0.1989991028190773	-0.019336694851517677
0.7217655822004886	0.1992885003460439	-0.019343717023730278
0.722167567880511	0.19972615607131747	-0.01953006349503994
0.7203184487195281	0.20009448019654766	-0.019731223583221436
0.7218608865112187	0.20009448019654766	-0.019559534266591072
0.7205867544709872	0.20061013397186994	-0.019779128953814507
0.7209152932912617	0.20093241758144637	-0.019782384857535362
0.721507829823552	0.20130074170667656	-0.019810862839221954
0.7220978556078241	0.20282975110048934	-0.01983925700187683
0.7214772923371342	0.20323490763824256	-0.019844427704811096
0.7218011799060432	0.20331990551329568	-0.0199700016528368
0.7216213113933223	0.2035542935929876	-0.019998177886009216
0.7215058604590227	0.20576423834436885	-0.02002011425793171
0.7201679725614845	0.20583790316941492	-0.02005193568766117
0.7199688763845776	0.2060681057476838	-0.02015305496752262
0.7202055453969967	0.20650132507593072	-0.020255884155631065
0.7188539267012292	0.20664602383941405	-0.020288603380322456
0.7191785547122453	0.20696830744899047	-0.020303839817643166
0.7197611718186516	0.2073649641992384	-0.02033623494207859
0.7187254596515776	0.20769645591194558	-0.020341942086815834
0.7193066053960993	0.20856815634165704	-0.020351603627204895
0.719369890745798	0.20886281564184125	-0.02039446122944355
0.71994731895414	0.20923113976707144	-0.020399361848831177
0.7190458955158033	0.20959946389230164	-0.02061006799340248
0.7205223757940699	0.20959946389230164	-0.02058331109583378
0.7188024478767117	0.20973758543926296	-0.02061990648508072
0.7186960483232219	0.20981125026430902	-0.020732155069708824
0.7192689687950686	0.21028480985389073	-0.020787710323929787
0.7198395603219079	0.21060051624694517	-0.020864306017756462
0.7187550686887705	0.21165353525576525	-0.020940395072102547
0.7191978721934491	0.21199883912316858	-0.02097068540751934
0.71875504820922	0.21288376144455495	-0.021019674837589264
0.7187340366872929	0.21357948479221203	-0.02113449200987816
0.7191451893762055	0.213789955720915	-0.021226748824119568
0.7193744828379669	0.21419734452609385	-0.02126273140311241
0.7186342534134418	0.21456566865132407	-0.02129696123301983
0.7189303182399482	0.21488488289319027	-0.02132856473326683
0.7194308504783855	0.2152420456812923	-0.021328868344426155
0.7192783132122077	0.21582987610337687	-0.021348508074879646
0.7183453543390224	0.21590354092842287	-0.021410351619124413
0.718904192921683	0.21628550668792088	-0.02141060307621956
0.7194608182822341	0.21665383081315107	-0.021444503217935562
0.7200152435425459	0.2168379928757662	-0.021580863744020462
0.7192072151087069	0.21758691859706764	-0.0217110775411129
0.7173722075923578	0.21815986723631461	-0.02185339294373989
0.71869999315286	0.21815986723631461	-0.0218389630317688
0.7179263797343335	0.2185281913615448	-0.021860675886273384
0.7177257109195591	0.21895497963363694	-0.021889090538024902
0.7182770278904193	0.21932330375886713	-0.021929888054728508
0.7166494908169158	0.2195995468527898	-0.02208685874938965
0.7180464683818609	0.2195995468527898	-0.02196502685546875
0.7165524367894396	0.2198450962696099	-0.022168345749378204
0.716714156873181	0.22002925833222498	-0.022320102900266647
0.7144980827486732	0.2203640984460706	-0.02249407209455967
0.7158774226767595	0.2203640984460706	-0.022489573806524277
0.7172620985426719	0.2203640984460706	-0.0224063191562891
0.7138452018203103	0.2205482605086857	-0.022538043558597565
0.7143944432755497	0.2210218200982674	-0.022586937993764877
0.7141752968324931	0.22129192445676957	-0.02262245863676071
0.7140525907200026	0.22239689683246017	-0.022634487599134445
0.7145982918827507	0.22263522420760912	-0.02271164022386074
0.7145704856124978	0.22358892060329444	-0.02275848388671875
0.7132119865904208	0.2236239990914116	-0.022789962589740753
0.713044601416625	0.22423787263346195	-0.022829318419098854
0.7133652611510186	0.22486422061112613	-0.022855103015899658
0.7122007201835125	0.22551901905597985	-0.023010071367025375
0.7132769840347911	0.22551901905597985	-0.022893792018294334
0.7124003079386882	0.2260320419446933	-0.023067209869623184
0.7129409088636155	0.2263428154253563	-0.02309851348400116
0.7125413949633085	0.22667021464778317	-0.0231027752161026
0.7130797069577592	0.2269924982573596	-0.023133592680096626
0.7129929536114208	0.22808506623346927	-0.023254765197634697
0.7135284145188622	0.22842505773368174	-0.02330232970416546
0.7133170022013224	0.22879338185891196	-0.023320654407143593
0.7130532690586222	0.22897754392152705	-0.023351529613137245
0.7122185837630345	0.2291918855799533	-0.023413648828864098
0.7127515123116215	0.22956020970518354	-0.023547131568193436
0.7127137233652185	0.2302191006403176	-0.02360972762107849
0.7132437718460946	0.23058742476554778	-0.0236855149269104
0.713446876155337	0.23089075051573732	-0.023699035868048668
0.7134722913228322	0.23115862260681386	-0.023756755515933037
0.7135393146415059	0.23213789706675128	-0.023840146139264107
0.7138350301824555	0.2326443427389428	-0.023940619081258774
0.7135964530401353	0.2331131188983267	-0.024006441235542297
0.7138383460932626	0.2334025164252933	-0.024026459082961082
0.7143595877215081	0.2337708405505235	-0.02409902587532997
0.7146191936659105	0.23408654694357797	-0.024153947830200195
0.7149354726046092	0.23441394616600483	-0.024158906191587448
0.7154518938498907	0.23478227029123502	-0.024164285510778427
0.7155143678212291	0.23505851338515768	-0.024221692234277725
0.716027879792671	0.2354268375103879	-0.024293968454003334
0.7163893911203719	0.23576446795851555	-0.024423563852906227
0.7167359765843477	0.23609930807236124	-0.02444935031235218
0.7172445295886847	0.23646763219759143	-0.02449544332921505
0.7164479036803308	0.23665179426020652	-0.02450333535671234
0.7169551525109564	0.23697407786978295	-0.024739010259509087
0.7172982520762777	0.23730891798362858	-0.024755164980888367
0.7176401284702432	0.23754330606332058	-0.024780187755823135
0.7171159946528173	0.23791163018855077	-0.024785241112113
0.7168783700323564	0.23823391379812717	-0.024808406829833984
0.7161106589879941	0.23860223792335736	-0.024910155683755875
0.7173803587379728	0.23860223792335736	-0.024875354021787643
0.7155079899791814	0.23933888617381777	-0.024919742718338966
0.7160097395559376	0.24000186959923211	-0.02513464353978634
0.7165097224088322	0.2401369217784832	-0.02513609267771244
0.7161292132306092	0.2406280206121235	-0.025272943079471588
0.7153721932192936	0.24075079532053356	-0.02531455270946026
0.7166272321547661	0.24075079532053356	-0.025286762043833733
0.7149956684059732	0.24124189415417385	-0.025346308946609497
0.714041594545981	0.24156688602937695	-0.025412190705537796
0.715287740435241	0.24156688602937695	-0.02537321113049984
0.7143650004685098	0.24165188390443007	-0.02543165720999241
0.7140749374449858	0.2417705661225598	-0.025678250938653946
0.7142295814336055	0.2417705661225598	-0.025579577311873436
0.714114327008685	0.2420419628464136	-0.025707995519042015
0.7139501358032254	0.24306800862384062	-0.025713182985782623
0.7138686125805762	0.24369065178792026	-0.02596759796142578
0.7143610934539316	0.24388709132137637	-0.02601573057472706
0.7146956807660227	0.24442025981034596	-0.02604258805513382
0.7149062793804901	0.24477104469151753	-0.02606797218322754
0.7151033741993245	0.24477104469151753	-0.026051845401525497
0.7153936190738568	0.24501659410833765	-0.026088714599609375
0.7158792954918195	0.24538491823356787	-0.02614877000451088
0.7160438963512883	0.2456841815853174	-0.02620013616979122
0.7162838605703215	0.24584203478184463	-0.02645180933177471
0.7155506949412695	0.24621035890707482	-0.02662670612335205
0.716765551808742	0.24621035890707482	-0.026483314111828804
0.7154679808494343	0.24648280183145144	-0.026648538187146187
0.7159486092601617	0.24685112595668163	-0.02677147649228573
0.7162402454821326	0.24751349034995274	-0.02678532525897026
0.7151358451928491	0.24783577395952916	-0.02693343721330166
0.7160591939782467	0.24783577395952916	-0.026789376512169838
0.7156138051841362	0.24820409808475938	-0.02698642387986183
0.7160901639694225	0.24828909595981252	-0.027062971144914627
0.7158217114469912	0.24847325802242762	-0.027079952880740166
0.7157396496026166	0.2488415821476578	-0.027112362906336784
0.7153800835199456	0.2490742079109611	-0.027154702693223953
0.7153544926987809	0.24971877513011398	-0.027171622961759567
0.7152044021793478	0.24994897770838284	-0.027195436879992485
0.7150133501027651	0.25062423860463817	-0.02723356895148754
0.7145391085108258	0.25099256272986836	-0.027397196739912033
0.7139641127391826	0.2525692487816925	-0.027477294206619263
0.7136110366455536	0.2527358716002491	-0.02752472460269928
0.7135336983095092	0.25304838903983834	-0.027527740225195885
0.7140048599899211	0.2532732102591347	-0.027644827961921692
0.7133271645672254	0.2538952687817457	-0.027745584025979042
0.7144946394683175	0.2538952687817457	-0.027662338688969612
0.7143778859498815	0.2538952687817457	-0.027660083025693893
0.7139271289664019	0.2538952687817457	-0.02765611931681633
0.7125399574974082	0.2539996272838942	-0.027829622849822044
0.7128045504005067	0.25432191089347067	-0.0278859194368124
0.7124585267413189	0.25467606870619197	-0.027895990759134293
0.7128576741546176	0.2551868991893982	-0.027937307953834534
0.7125705697973399	0.2556166106688334	-0.027978716418147087
0.7126311352183798	0.2562795940942478	-0.02816467359662056
0.7116764111262776	0.25658653086527294	-0.02824309840798378
0.7128261306919097	0.25658653086527294	-0.028192507103085518
0.711335547340245	0.25719017318162246	-0.028288470581173897
0.7111967442094729	0.25737433524423753	-0.0283245537430048
0.7113392855510307	0.2577426593694678	-0.02838434837758541
0.7111150696630139	0.25795313029817074	-0.028523342683911324
0.7114249045991721	0.25849971385580406	-0.028541572391986847
0.7106175949619605	0.2591749747520594	-0.028707141056656837
0.7117527668388965	0.2591749747520594	-0.028596581891179085
0.7093119746282183	0.25939596922719754	-0.028737254440784454
0.7104414522948237	0.25939596922719754	-0.02872448042035103
0.7089797333986496	0.25958013128981267	-0.02881743013858795
0.7094409382585567	0.25994845541504286	-0.028852224349975586
0.7094691531145918	0.26083857205101585	-0.028972411528229713
0.7097525966150251	0.26110644414209233	-0.029094405472278595
0.7092142187853983	0.2617203176841426	-0.02926361933350563
0.7092222053924853	0.26199776873762143	-0.02930305153131485
0.7089805911631819	0.26265530280432026	-0.029309377074241638
0.7091234787751706	0.26294996210450444	-0.029334401711821556
0.7095793980874352	0.2632757872922081	-0.02949189394712448
0.7086640458017452	0.26358272406323324	-0.02953389473259449
0.7097730662177104	0.26358272406323324	-0.029521215707063675
0.7088585376699693	0.26398174186556594	-0.029609596356749535
0.7088447393246889	0.26496097786224887	-0.02968059852719307
0.7092975468840595	0.26532930198747906	-0.0297151580452919
0.7097489482087738	0.2656055450814017	-0.0297570638358593
0.7096821539738247	0.26573948112693996	-0.02976759523153305
0.7100025634361976	0.2660246092326555	-0.029786257073283195
0.7102129981853748	0.2662629366078044	-0.029797255992889404
0.7100814966449651	0.26649313918607326	-0.02988433837890625
0.7105282123666216	0.266928989400929	-0.029928037896752357
0.7103966305014421	0.2671898856563004	-0.029930878430604935
0.7096668263342312	0.2674354350731205	-0.02998749352991581
0.7101121226128596	0.2680142301270537	-0.03002328798174858
0.7097314585070795	0.26864075318451597	-0.030056189745664597
0.7085038580465765	0.26870214053872105	-0.03030652552843094
0.7095871972790635	0.26870214053872105	-0.03029814548790455
0.7078691431057954	0.2699463025563637	-0.030525224283337593
0.7089482119215054	0.2699463025563637	-0.030517995357513428
0.7075085338234067	0.2703146266815939	-0.030548330396413803
0.7078006301301998	0.27064611839430114	-0.030652936547994614
0.7082433564481844	0.27101444251953133	-0.030665410682559013
0.7082192480304227	0.27214402539107063	-0.03068196401000023
0.7086600044533374	0.2724714246134975	-0.030800171196460724
0.7090994312942828	0.27283974873872774	-0.030841516330838203
0.7090355265282774	0.27316714796115454	-0.030958008021116257
0.7093728164633226	0.27351091714470277	-0.031064262613654137
0.7097208699980447	0.2738575751449195	-0.031127644702792168
0.7094897375925838	0.2746065008662209	-0.0311630479991436
0.7097820611961307	0.27493974650333397	-0.03120841644704342
0.7092052369487166	0.27499641175336936	-0.03121836856007576
0.7089759090660402	0.27509333915474565	-0.031277112662792206
0.7094096260420968	0.27540499802994045	-0.03128843754529953
0.7096131144648821	0.27569439555690706	-0.03137106075882912
0.7094873891833593	0.27592459813517595	-0.03137197718024254
0.70964865688217	0.2771874237073938	-0.031423259526491165
0.709708436649752	0.27804448561417944	-0.03145149350166321
0.709028394583702	0.27826548008931756	-0.03147418797016144
0.7094581901603879	0.2787258852458553	-0.03165077418088913
0.7081539441412606	0.27905328446828215	-0.031837645918130875
0.7091984189851268	0.27905328446828215	-0.031739648431539536
0.7075537177528176	0.2796589730297718	-0.03190542757511139
0.7070464512996679	0.280362175756217	-0.03195002302527428
0.7068197548965346	0.2820368812430772	-0.032134585082530975
0.7063898718391982	0.2820368812430772	-0.032028257846832275
0.7072483809858672	0.2822670838213461	-0.03217722475528717
0.7067025196024328	0.2824249370178733	-0.03223646059632301
0.70621898823275	0.2829467295286161	-0.03230585530400276
0.706646617070839	0.2833074705100916	-0.03241043537855148
0.7069611960039874	0.2836757946353217	-0.03250383213162422
0.70671663917156	0.28396226895494525	-0.03252718597650528
0.7062721223031955	0.2842779753479997	-0.03262876719236374
0.7063756037148808	0.28472447653114913	-0.032629743218421936
0.7046429522098693	0.28513577180432287	-0.03294586390256882
0.7056597530067089	0.28513577180432287	-0.03293819725513458
0.7066794925341753	0.28513577180432287	-0.03281554579734802
0.7048281182258743	0.28536597438259176	-0.033035967499017715
0.7050925733561373	0.28542122300137623	-0.03305056318640709
0.7055156830069894	0.2859255437266915	-0.033117394894361496
0.7053235811279371	0.2864054812232036	-0.033135633915662766
0.7047232817067445	0.2866978155144169	-0.0331902951002121
0.7045047115013507	0.28718891434805716	-0.03320898488163948
0.7045970453925482	0.28768878280372673	-0.03324482589960098
0.7048595693861327	0.28815941918596527	-0.03329778462648392
0.7044075597201404	0.2887043609195648	-0.03332076966762543
0.7038440437371464	0.28891483184826783	-0.033349521458148956
0.7027447390061182	0.28959267204512	-0.03338386490941048
0.7037415400543539	0.28959267204512	-0.033368613570928574
0.7029556401558292	0.2899081086036505	-0.03352160006761551
0.7022766381530982	0.29049742720401883	-0.03352310135960579
0.7021157899950792	0.2916697107326353	-0.03353443369269371
0.7025353452204383	0.2918538727952504	-0.03354334458708763
0.7020976082339483	0.2921853645079576	-0.03357004374265671
0.7025160104695748	0.2926174370394776	-0.033584631979465485
0.7026527341575557	0.29278485709640045	-0.03358929231762886
0.7020687867507724	0.29285852192144646	-0.03361322358250618
0.7015172112555857	0.29322684604667665	-0.033760011196136475
0.7018343260842392	0.29348993470755536	-0.03379122540354729
0.7022501777912346	0.2938582588327856	-0.03391463682055473
0.7012721134767621	0.29399219487832384	-0.034006498754024506
0.7006627752031322	0.2946060684203742	-0.03401774540543556
0.7006155583857204	0.29486389530803536	-0.03401895612478256
0.7004003558712529	0.2958771328217091	-0.03409123793244362
0.699959846986634	0.2969617326908393	-0.03409454599022865
0.7003748402826415	0.29727743908389376	-0.03414984419941902
0.7007886871883284	0.29758760676829815	-0.03419535979628563
0.701201392447379	0.29780426801843357	-0.034262627363204956
0.7011538239545682	0.2979621212149608	-0.034268490970134735
0.7010146852696238	0.2994354177158816	-0.034271251410245895
0.7012536760865611	0.2996400422298984	-0.034430958330631256
0.7016634790000226	0.30052730075018974	-0.03443333879113197
0.7010154076980656	0.30089562487542	-0.03454111889004707
0.7000886787476136	0.3011300129551119	-0.03478429839015007
0.7009269647824236	0.3011300129551119	-0.03464595973491669
0.7002497880783559	0.30138500658027123	-0.03478886932134628
0.6981719065663907	0.3018515504722295	-0.035428740084171295
0.6991218003168213	0.3018515504722295	-0.03534010797739029
0.7000742823336016	0.3018515504722295	-0.0350213386118412
0.6985814426497471	0.30202154622233573	-0.035431791096925735
0.6977733737927789	0.30290779931853357	-0.03551144525408745
0.698718866169192	0.30290779931853357	-0.035451728850603104
0.6980128692335995	0.3031840424124562	-0.03554496914148331
0.6984204092211386	0.30376443194312197	-0.035602640360593796
0.6984246611478651	0.30390609506821054	-0.03595205768942833
0.6981529962707057	0.30390609506821054	-0.03560365363955498
0.698830004345247	0.30412708954334866	-0.03608220815658569
0.6982969480333294	0.3043999222287044	-0.03616639971733093
0.6992342593729715	0.3043999222287044	-0.036118436604738235
0.6987008343144093	0.30476824635393457	-0.03622070699930191
0.6991036406856467	0.30493824210404086	-0.03626197949051857
0.6985765968744334	0.3055828093231937	-0.03632928431034088
0.6989784947452675	0.3059511334484239	-0.036493729799985886
0.6992461665232367	0.30624705197638663	-0.036544401198625565
0.6995352895287464	0.3065539887474118	-0.0365527980029583
0.6989187673881332	0.30673815081002687	-0.036562636494636536
0.6983918302559792	0.30710647493525706	-0.036637261509895325
0.6993180793677245	0.30710647493525706	-0.03663594275712967
0.6984128539121033	0.30727389499217994	-0.03671405091881752
0.6988112517272789	0.3080508835039751	-0.03690500184893608
0.699208598360884	0.3081736582123851	-0.036973174661397934
0.6985801578126118	0.3083481275348626	-0.03699985519051552
0.6984128530936854	0.3087491915823355	-0.03700367361307144
0.6986448992788449	0.3090714751919119	-0.03706425055861473
0.6987122944241482	0.30938718158496636	-0.03736080229282379
0.697924492003696	0.30939945905580735	-0.03737673908472061
0.6977157708603162	0.30952837249963794	-0.037404704838991165
0.6979801946892571	0.30985986421234507	-0.03745537996292114
0.6983744764194277	0.3108267150410744	-0.037487469613552094
0.6987677300355694	0.3112063411925562	-0.03760157898068428
0.6985089178870855	0.31202074675834296	-0.03760520741343498
0.6989009739106393	0.31238907088357315	-0.037637170404195786
0.6983850180768894	0.31275739500880334	-0.03783034905791283
0.6992920116068593	0.31275739500880334	-0.03766557574272156
0.6986579531688764	0.3130643317798285	-0.03785465285181999
0.6986435185593435	0.3133344361383307	-0.037866897881031036
0.6990328680185692	0.31370276026356086	-0.037908535450696945
0.6994212127049968	0.3141324717429961	-0.03793669864535332
0.6989079019901833	0.3145007958682263	-0.03795422986149788
0.6998085565030573	0.3145007958682263	-0.03795386105775833
0.698523701602021	0.314974355457808	-0.03824099153280258
0.6984169762025123	0.3153426795830382	-0.038268692791461945
0.698071020372216	0.3165974101195367	-0.038332223892211914
0.6977107074993537	0.31692890183224387	-0.038383081555366516
0.6979626590781337	0.317432924319401	-0.03838992118835449
0.6978694756054924	0.3180314510229001	-0.03840011730790138
0.6972794560162597	0.31949553942069014	-0.038496509194374084
0.6976650872824812	0.32000237860156244	-0.03850012645125389
0.6978801020145221	0.32032159284342865	-0.03850286826491356
0.6969548564087323	0.32065308455613584	-0.03856709599494934
0.6978404407243723	0.32065308455613584	-0.038542065769433975
0.6970220872624602	0.32090807818129524	-0.03859732672572136
0.6968631081284932	0.32149125804624307	-0.038612525910139084
0.6948153575353251	0.32174908493390425	-0.03883970156311989
0.6956915433581943	0.32174908493390425	-0.03876931592822075
0.6959871911887746	0.32174908493390425	-0.03866817429661751
0.696867073857787	0.32174908493390425	-0.03865022957324982
0.6951992375887397	0.3219474133090282	-0.039024095982313156
0.6946848092572391	0.32205264877337964	-0.03905235603451729
0.694769150477625	0.32253742832055765	-0.039122067391872406
0.693994907277682	0.322607585296792	-0.03918052092194557
0.6942388296576709	0.3231074537524615	-0.03923283517360687
0.6941210311205989	0.32362924626320433	-0.03928542137145996
0.6942759135014495	0.32402609380553987	-0.039296954870224
0.6945185730717579	0.32499601400197947	-0.0394907109439373
0.694420025179246	0.32536433812720966	-0.03958358243107796
0.6932260041436894	0.325502459674171	-0.04013536125421524
0.6940871544593958	0.325502459674171	-0.0400187149643898
0.6940893677207786	0.325502459674171	-0.03979302570223808
0.6923669880295089	0.32552087588043255	-0.04019331559538841
0.692747721955215	0.32643662679618346	-0.040237296372652054
0.6923952584442145	0.3266207888587985	-0.040244683623313904
0.6928802958464941	0.3266207888587985	-0.04024393483996391
0.6927745491243079	0.3268279711792405	-0.04027121141552925
0.6917536468577727	0.327271634330086	-0.04053815081715584
0.692605560215972	0.327271634330086	-0.04043138772249222
0.691685600161834	0.32809890200818237	-0.040668588131666183
0.6915061755548313	0.328375145102105	-0.04068370163440704
0.6910672382481872	0.32855930716472015	-0.040710240602493286
0.6906000811864557	0.3288606632671812	-0.040722496807575226
0.6914453689235259	0.3288606632671812	-0.04071701318025589
0.689346106813404	0.32930265221745747	-0.04094440117478371
0.6901877992515156	0.32930265221745747	-0.04083489999175072
0.6892372808611342	0.3295236466925956	-0.04114856570959091
0.6877548075644966	0.3297937510510978	-0.04119931161403656
0.6885904756174304	0.3297937510510978	-0.041173189878463745
0.6894281769259674	0.3297937510510978	-0.041169606149196625
0.6873540658064099	0.33009864157698277	-0.041240401566028595
0.6875596212438632	0.3303748846709054	-0.041247326880693436
0.6878662921620545	0.3314276777955218	-0.04127483442425728
0.6873978546111343	0.3315197588268293	-0.041294801980257034
0.6874733698649205	0.3316523555119122	-0.04132420942187309
0.686678350580391	0.33176875231339187	-0.041454777121543884
0.6875056738943432	0.33176875231339187	-0.04142000898718834
0.6875056738943432	0.33176875231339187	-0.0413656011223793
0.687054939101328	0.3319733768274087	-0.04148537665605545
0.6866063661058811	0.3321943713025468	-0.04157111048698425
0.6874306234481451	0.3321943713025468	-0.04151534289121628
0.6869816878231196	0.33238730298719116	-0.0417853482067585
0.6865586634756438	0.3327312224195084	-0.04181277006864548
0.6860370880115152	0.3328539971279185	-0.041827041655778885
0.6864117454243893	0.3332223212531487	-0.04188162460923195
0.6858170949530848	0.33330731912820183	-0.04203779622912407
0.6850856800441272	0.3333318740698839	-0.042051106691360474
0.6849681071743383	0.3334853424553964	-0.04207953065633774
0.6853422543154615	0.3336270055804849	-0.04223690554499626
0.6835747670220338	0.33392836168294604	-0.04287467896938324
0.6843846897317755	0.33392836168294604	-0.04265280440449715
0.6851965339663327	0.33392836168294604	-0.0423722043633461
0.6833183744684223	0.33423168743313564	-0.04297444969415665
0.6821581623854185	0.3344660755128276	-0.043047837913036346
0.6824572033451047	0.3344660755128276	-0.04301486164331436
0.6832629379417342	0.3344660755128276	-0.04297958314418793
0.6822379763120239	0.3356890330341276	-0.043225958943367004
0.6823280003941414	0.3360573571593578	-0.043389588594436646
0.682611374694736	0.3360573571593578	-0.04334232956171036
0.682179380880849	0.3364052188331863	-0.04342587664723396
0.6802266494057992	0.3374917750026154	-0.043551456183195114
0.6810222361302505	0.3374917750026154	-0.04344339296221733
0.6818196860554615	0.3374917750026154	-0.04343947395682335
0.6794568903162752	0.33755583137222067	-0.04367968067526817
0.6802497221602849	0.33755583137222067	-0.04366205632686615
0.6798300487675951	0.33776045588623743	-0.043722789734601974
0.6800760051832668	0.33801964693732534	-0.04388636723160744
0.680202339408563	0.33801964693732534	-0.04375626891851425
0.6803311374278338	0.33817032498855587	-0.04393940046429634
0.6802380538386937	0.33875964358892413	-0.04405141621828079
0.6806081486837878	0.3391279677141544	-0.04406234249472618
0.6809773878182575	0.33949629183938457	-0.04410123825073242
0.6803709053247684	0.33983178707519207	-0.04432833939790726
0.6807684070009153	0.33983178707519207	-0.044224727898836136
0.6806344076332547	0.3403968297673066	-0.04436465725302696
0.6804439785279824	0.3409269932808955	-0.04449744150042534
0.6800313171405117	0.34129531740612573	-0.04459575191140175
0.6800313171405117	0.34129531740612573	-0.044576216489076614
0.679968135375712	0.34146273746304856	-0.04476204887032509
0.6799528813978346	0.34176967423407373	-0.044764284044504166
0.6796841105021875	0.3427167934132371	-0.04485058784484863
0.6801763030686274	0.3427167934132371	-0.04480373114347458
0.679346889101174	0.3427837614360062	-0.0449194610118866
0.6791421552095059	0.3429679234986213	-0.04494062811136246
0.6786935487448593	0.343244166592544	-0.04500986635684967
0.6779205492588173	0.3433402511469518	-0.04504730552434921
0.678286965016202	0.34349371953246444	-0.045116979628801346
0.6786484020990257	0.34351827447414646	-0.04525311291217804
0.6784252752832292	0.34351827447414646	-0.04522548243403435
0.6787859889447184	0.344059927599485	-0.045308955013751984
0.6784217271872984	0.3444561550675357	-0.04532662779092789
0.6775665368433723	0.3446771495426738	-0.04544045031070709
0.6783330148262269	0.3446771495426738	-0.04540707543492317
0.6780541369954753	0.345045473667904	-0.04570773243904114
0.6779304572306823	0.345045473667904	-0.04567914083600044
0.678416688643003	0.34543053979882654	-0.04576406627893448
0.6787784246512786	0.3458807137296634	-0.04583625867962837
0.6788584488932434	0.34615695682358605	-0.04587702453136444
0.6780370173934828	0.3463104252090986	-0.04603338614106178
0.6787980017003217	0.3463104252090986	-0.04597656801342964
0.6780242846379098	0.34654615264924593	-0.046134769916534424
0.6783098652292916	0.3467248981806077	-0.04633687064051628
0.678421002561748	0.3470113725002312	-0.046376340091228485
0.6787799076928174	0.3475585969148589	-0.04648439213633537
0.6791380125894809	0.3479269210400891	-0.04650275781750679
0.6794953199251274	0.3482952451653193	-0.046586934477090836
0.6793883544228005	0.3488681938045663	-0.04661595821380615
0.679585859425823	0.34906909787287366	-0.04663535952568054
0.6788316020901671	0.34913815864635434	-0.046636857092380524
0.678133495249738	0.3496292574799946	-0.0466558001935482
0.6788853062200814	0.3496292574799946	-0.04665100947022438
0.678288415960946	0.34985025195513275	-0.04670366644859314
0.6782755742490186	0.35044818072985706	-0.046928830444812775
0.678078802092011	0.35054026176116465	-0.047015853226184845
0.6779437158224008	0.35090858588639484	-0.04702901840209961
0.6774357918715754	0.351044705671806	-0.04704921320080757
0.6777906479861282	0.35116748038021606	-0.04705629497766495
0.6771807892638755	0.3512902550886261	-0.0473109669983387
0.6779249439773523	0.3512902550886261	-0.04718198999762535
0.6771130303012886	0.35143056904109476	-0.0473756343126297
0.6764715078580471	0.35168258028467336	-0.04747730493545532
0.6771208041194863	0.35168258028467336	-0.04745852202177048
0.6760536347861353	0.35228194408845703	-0.047577016055583954
0.6756586916414842	0.3532126202263155	-0.04766421020030975
0.675891209268375	0.3535809443515457	-0.04802931845188141
0.675891209268375	0.3535809443515457	-0.047933001071214676
0.6758446187456417	0.3535809443515457	-0.04779666289687157
0.6762438847751558	0.3539492684767759	-0.04804132506251335
0.6765957935960524	0.35455802640597583	-0.048158708959817886
0.6763342501564412	0.3547369266953734	-0.048168934881687164
0.6766852976074647	0.35494155120939014	-0.04823013022542
0.6759936473034286	0.35520463987026885	-0.04850871115922928
0.6767260347869644	0.35520463987026885	-0.048370324075222015
0.676343924441479	0.3556220738788631	-0.048514071851968765
0.6759634629000735	0.35596584306241125	-0.048631977289915085
0.6766934450414342	0.35596584306241125	-0.04852919280529022
0.6761779419271208	0.3562523173820347	-0.04877153038978577
0.6765265124955523	0.3566615664100683	-0.04886382445693016
0.6768071291487827	0.35698655828527137	-0.04893934354186058
0.6765224434095062	0.357225968966671	-0.04916652292013168
0.6768695223328866	0.3575942930919012	-0.04924795776605606
0.6767286702676365	0.35854532487166224	-0.04947789013385773
0.6768071192288061	0.3586753216217435	-0.049556415528059006
0.6766562178025873	0.3600358778856147	-0.04957636073231697
0.676716770276445	0.36030598224411686	-0.04960956051945686
0.676726153373497	0.360490144306732	-0.04968582093715668
0.6763815117459632	0.360490144306732	-0.04964422434568405
0.6769093274662704	0.360490144306732	-0.049611762166023254
0.676261551082674	0.36083800598056043	-0.04980119690299034
0.6761332769110193	0.3615781958091481	-0.04987472668290138
0.6764770844726848	0.3619004794187245	-0.04992568492889404
0.6768201628560649	0.3622436905354163	-0.05000181123614311
0.6771625143784632	0.3624278525980314	-0.05000283569097519
0.6773277745043412	0.36304739779780715	-0.05001420900225639
0.6775769454385449	0.3633696814073836	-0.05010627210140228
0.6773542313110138	0.3637380055326138	-0.050185855478048325
0.6768155313483089	0.3663162744092252	-0.05030085891485214
0.6762840226673342	0.36643904911763536	-0.05035468563437462
0.6766247763276845	0.36684420565538856	-0.05040598660707474
0.6764974690503215	0.3673046108119263	-0.05051421746611595
0.6768372826332518	0.3676478219286181	-0.05098314955830574
0.6762874468964059	0.3682463486321172	-0.0510716550052166
0.6765264527505227	0.3682463486321172	-0.05105161666870117
0.6770264805078684	0.3682463486321172	-0.05105062201619148
0.6761777618802262	0.3684568195608201	-0.05111061409115791
0.6760683060908306	0.36880468123464866	-0.05130428075790405
0.6754167274830006	0.3691601890658661	-0.0515567883849144
0.6761217553822522	0.3691601890658661	-0.05137409269809723
0.6749446498733539	0.3692215764200712	-0.05156785994768143
0.6748204156440951	0.36966275586677544	-0.051601722836494446
0.6743268393284568	0.36978553057518554	-0.05166373401880264
0.6745496451950823	0.36994061441738774	-0.05168463662266731
0.6747390572406712	0.3702563208104422	-0.051864832639694214
0.6747134209119244	0.3703484018417498	-0.05192757397890091
0.6747913573291998	0.3711388636819353	-0.05214795842766762
0.6741509893852767	0.371167196306953	-0.05217604711651802
0.6740743871235151	0.37147413307797816	-0.052179738879203796
0.6741679180783442	0.37207604804453404	-0.05234924703836441
0.67450382744115	0.3724662962248375	-0.05249987170100212
0.6743637220971958	0.3734024533764642	-0.05295195057988167
0.674527271079949	0.3736326559547331	-0.052989959716796875
0.6746048381189214	0.37385365042987123	-0.0531030148267746
0.6747335805849183	0.3742301595356621	-0.05352155864238739
0.674352346454093	0.37452442907486727	-0.053586069494485855
0.6746860018368245	0.37489275320009746	-0.05359786003828049
0.6750189741993251	0.37531018720869164	-0.05374867096543312
0.6749422676817389	0.37558182625104897	-0.05375562608242035
0.674457137684107	0.37569232348861803	-0.053817614912986755
0.6744646489536315	0.37625189283271776	-0.05384635180234909
0.6744953516975595	0.3765200111297603	-0.05386831611394882
0.6748801757299884	0.37682136723222137	-0.053973495960235596
0.6746416719281952	0.37682136723222137	-0.053901445120573044
0.6742527841710356	0.3769441419406314	-0.054125260561704636
0.6737866414941054	0.3772715411630582	-0.05454707145690918
0.674470688845876	0.3772715411630582	-0.05424695834517479
0.6735051345725024	0.3774352407742716	-0.054606713354587555
0.6736105658694913	0.3774352407742716	-0.05458302050828934
0.6737574821847414	0.37769023439943106	-0.05471917986869812
0.6740870200815245	0.3778035648995018	-0.05473617836833
0.6738967605378072	0.3781740814302394	-0.05486428737640381
0.6745760919496396	0.3781740814302394	-0.054836004972457886
0.6742477126276918	0.3781740814302394	-0.05479172617197037
0.6733462142854699	0.3787700968328846	-0.05496006831526756
0.6740236249638255	0.3787700968328846	-0.05490424856543541
0.673387318201133	0.3794836251707223	-0.055166974663734436
0.6735895375409512	0.3797414520583834	-0.05541205033659935
0.6732420109392676	0.38008811005860005	-0.05572453513741493
0.6739166021325935	0.38008811005860005	-0.05560041218996048
0.6733687689283283	0.38030910453373823	-0.05592067912220955
0.6734453236047236	0.3809720879591526	-0.05605361983180046
0.6734860824776588	0.3811825588878555	-0.056166913360357285
0.6731054050939987	0.3814025966769541	-0.05619712546467781
0.6734309973200008	0.3814435215797574	-0.05638280510902405
0.673092591684193	0.38179510369929537	-0.05651552230119705
0.6732187421894772	0.38253175194975575	-0.0567525215446949
0.6730316813579569	0.38337513048650446	-0.056768324226140976
0.6730253668592552	0.38356396968086853	-0.056961365044116974
0.6727547768029031	0.3841215714815643	-0.05697592347860336
0.6730787819743853	0.38441623078174836	-0.05700245872139931
0.6724130265026006	0.3846003928443634	-0.05713605880737305
0.6726468979280832	0.3851424152786512	-0.05713930353522301
0.6729700500525372	0.38540433465659263	-0.05737333744764328
0.6728816509236227	0.3859401585625823	-0.05738180875778198
0.6728098463414318	0.3863084826878125	-0.057407692074775696
0.6730703681462139	0.38665378655521576	-0.0574118047952652
0.6729057617535606	0.3869484458554	-0.057439036667346954
0.6733918328776336	0.3869484458554	-0.05742029845714569
0.6730865636136091	0.38708656740236136	-0.057467181235551834
0.6727637986904712	0.3872093421107713	-0.05791947990655899
0.6727697704162536	0.3872093421107713	-0.05777732655405998
0.6731619689433996	0.3872093421107713	-0.05775417014956474
0.6730836776751334	0.38743600311091303	-0.05795784667134285
0.6732808615836539	0.3876201651735281	-0.058007556945085526
0.6726406017875979	0.38785686249538454	-0.058157939463853836
0.6732968365210491	0.38785686249538454	-0.05806257575750351
0.6722102035479904	0.38870701049696127	-0.05840479955077171
0.6726924405278666	0.38870701049696127	-0.0582047700881958
0.6726867160993918	0.38870701049696127	-0.058190278708934784
0.6718299518945325	0.3902460560851491	-0.058587849140167236
0.6724822139837505	0.3902460560851491	-0.05844131484627724
0.6721479461271929	0.39038417763211036	-0.05861411243677139
0.6710048441899481	0.39085544949420625	-0.058673564344644547
0.6716537850450641	0.39085544949420625	-0.05864105373620987
0.6723039823200352	0.39085544949420625	-0.05862543731927872
0.670617031376281	0.39114192381382973	-0.0587514266371727
0.6703028660482488	0.39163302264746996	-0.058769430965185165
0.6699718641910585	0.391843493576173	-0.05937178432941437
0.6706166879294522	0.391843493576173	-0.05932018160820007
0.670299362965993	0.391843493576173	-0.059152841567993164
0.6694412928122232	0.39186454066904325	-0.0594286285340786
0.6691187323904584	0.39200266221600455	-0.05944244563579559
0.6694359723402279	0.3922705343070811	-0.05947866663336754
0.6694689911715161	0.39260537442092674	-0.059484049677848816
0.6696655268773454	0.39260537442092674	-0.05947939679026604
0.6691452681702332	0.39297369854615694	-0.059723861515522
0.6697849863998415	0.39297369854615694	-0.05970461666584015
0.6688114308983122	0.3934064793933023	-0.06025116145610809
0.6690520270473882	0.3934064793933023	-0.059886734932661057
0.6684919279482504	0.3934985604246099	-0.060335010290145874
0.6680448583767391	0.39370903135331287	-0.060656119138002396
0.6686170545629523	0.39370903135331287	-0.06038777157664299
0.6681226885207309	0.3941397121067618	-0.060677748173475266
0.6678050515613501	0.39449268939344084	-0.060816727578639984
0.6681199282897278	0.39478734869362503	-0.06082559749484062
0.6682448147212715	0.39504734219378745	-0.06086026132106781
0.6682327214101578	0.3952315042564025	-0.060874033719301224
0.6682312412071866	0.39547705367322267	-0.06089362874627113
0.6682297637996883	0.3960996968373023	-0.06090585142374039
0.6679126483165598	0.39644755851113084	-0.0610271617770195
0.6685427545885566	0.39644755851113084	-0.06100606173276901
0.6679257420392544	0.39730088787234125	-0.061227358877658844
0.6682381355086435	0.39805651039591955	-0.061395373195409775
0.6679484380128647	0.3995283187185566	-0.061409030109643936
0.6678846366626179	0.3997493131936947	-0.06154331937432289
0.6678209550147167	0.4012226096946155	-0.061655785888433456
0.6677062723440886	0.40185402248072444	-0.061659686267375946
0.6680174087932046	0.40222234660595463	-0.06184918060898781
0.6683279631348387	0.4024678960227747	-0.06184998154640198
0.6686379370010678	0.40283622014800496	-0.061868902295827866
0.667700459078418	0.4032301223374873	-0.062072962522506714
0.6683233139842748	0.4032301223374873	-0.06195373460650444
0.6689473320178735	0.4032301223374873	-0.061921801418066025
0.6677233708412014	0.4036721112877635	-0.062089964747428894
0.667722387860574	0.4037948859961736	-0.062097109854221344
0.6680311960502946	0.4043381640808881	-0.062260668724775314
0.6672705899650975	0.40456482508102976	-0.06257913261651993
0.6678901541154829	0.40456482508102976	-0.06241809204220772
0.6673009230605886	0.4047137561403619	-0.06264783442020416
0.6676089777614584	0.40491019567381803	-0.06272020936012268
0.667608106058318	0.4060535351458868	-0.06283479183912277
0.6674532002301679	0.4063297782398095	-0.06287731230258942
0.6677602609871115	0.40669810236503967	-0.06288555264472961
0.6677900024437654	0.40698457668466315	-0.06289688497781754
0.6678913736652714	0.40706642649026986	-0.06305878609418869
0.6680424474947743	0.40731197590708995	-0.06321492046117783
0.6678902459424367	0.40731197590708995	-0.06313878297805786
0.6671520693769448	0.40772717764825855	-0.063930444419384
0.6671520693769448	0.40772717764825855	-0.06390633434057236
0.6674403362511707	0.40772717764825855	-0.063756562769413
0.6671349554763785	0.40772717764825855	-0.06336577981710434
0.6677481309869266	0.40772717764825855	-0.06335662305355072
0.6673551250724685	0.4080545768706854	-0.0639505460858345
0.666744553137361	0.40807913181236743	-0.06395939737558365
0.6666683088779424	0.4091584760408829	-0.0639738142490387
0.6659271334998452	0.40925055707219055	-0.06447476893663406
0.6663204056604414	0.40925055707219055	-0.06398922204971313
0.6654427489215213	0.4098315046697127	-0.06472599506378174
0.6660493512450596	0.4098315046697127	-0.06454625725746155
0.664950024731563	0.40998497305522524	-0.06528422981500626
0.6653427605745095	0.40998497305522524	-0.06522801518440247
0.6651937879546345	0.4101691351178403	-0.06529456377029419
0.6646573882835822	0.41040153010161656	-0.06552502512931824
0.6649580453207422	0.41040153010161656	-0.0654645785689354
0.6647023414774248	0.4106646187624952	-0.06555921584367752
0.6641223479772729	0.41068136076818756	-0.0657685250043869
0.6643438385388584	0.4110321456493592	-0.0658247321844101
0.6646470509701693	0.411195260619104	-0.06591882556676865
0.6648369002021457	0.4114530875067651	-0.06607125699520111
0.664539896778358	0.4116986369235852	-0.06703352928161621
0.6651391212118822	0.4116986369235852	-0.06609918922185898
0.6647518320647862	0.4121377926113597	-0.06707250326871872
0.6650533142301955	0.4124600762209361	-0.06728315353393555
0.6653542546486769	0.41278235983051254	-0.06746487319469452
0.6650562107336722	0.4129665218931276	-0.06754965335130692
0.6651455826364697	0.41328573613499386	-0.06756918877363205
0.6651768141932469	0.41350889722263334	-0.06761760264635086
0.6652079898296004	0.41401636601739494	-0.06766373664140701
0.6651720256168727	0.414163695667487	-0.06771109998226166
0.6645199327139855	0.4142486935425401	-0.06794735044240952
0.6651137843071168	0.4142486935425401	-0.06780366599559784
0.6642266708018393	0.41520773143527967	-0.06823436170816422
0.6643731709542049	0.41520773143527967	-0.06802867352962494
0.6626241459660944	0.4156076261998154	-0.06855261325836182
0.6631822687670901	0.4156076261998154	-0.06852604448795319
0.6637431315769152	0.4156076261998154	-0.06852254271507263
0.6626573394421458	0.41613351120083847	-0.06891514360904694
0.6623651264819783	0.4163009312577613	-0.06893318891525269
0.6629263338162292	0.41665390854444023	-0.06907612830400467
0.6626275096440805	0.41665390854444023	-0.06893546879291534
0.6625119131172995	0.4169696149374947	-0.06953344494104385
0.6630982068457218	0.4169696149374947	-0.06921295821666718
0.6630982068457218	0.4169696149374947	-0.06916149705648422
0.6626628154319779	0.4175834884795451	-0.06985606253147125
0.6616321487992782	0.4180863925736094	-0.07025973498821259
0.6622155986659443	0.4180863925736094	-0.07021695375442505
0.6628000784529399	0.4180863925736094	-0.07011909782886505
0.6619300078232224	0.41845471669883966	-0.07051482051610947
0.662101698983574	0.418770423091894	-0.07065876573324203
0.6622033475589644	0.4190568974115175	-0.07093165069818497
0.6624023691053471	0.41938429663394433	-0.07115054130554199
0.6620719409620216	0.4204360666359906	-0.07125648111104965
0.6623681092872082	0.4207912363281769	-0.07138195633888245
0.6626637589288131	0.4210981730992021	-0.0713832676410675
0.6629588912482105	0.4213846474188256	-0.07139855623245239
0.6631563825048894	0.4217529715440557	-0.07140640914440155
0.6632917758984938	0.42271628079465773	-0.07143938541412354
0.6630947499160343	0.4231850569540416	-0.07148130983114243
0.6633884772482784	0.4235533810792718	-0.07152286171913147
0.6630952794332721	0.42372809893354774	-0.07172022759914398
0.6632434413600781	0.424157810412983	-0.07173939794301987
0.6628985919907794	0.42452613453821325	-0.07188183814287186
0.66319146897428	0.4248469329698653	-0.07199166715145111
0.6629051337870917	0.42501435302678814	-0.07236591726541519
0.6628257959186108	0.42522482395549116	-0.07245387881994247
0.66259804392908	0.4254729581030146	-0.0724865049123764
0.662890166834769	0.4257185075198348	-0.07265985012054443
0.6618205031901193	0.42599475061375736	-0.07349575310945511
0.6623925174538965	0.42599475061375736	-0.07311899214982986
0.6629655213617286	0.42599475061375736	-0.07311829179525375
0.6615767498179342	0.42628516002018885	-0.07357849180698395
0.6616098733094705	0.42654298690785	-0.07372485846281052
0.6619013376735451	0.4266248367134567	-0.07390890270471573
0.6613304182862025	0.4271672884299416	-0.07456723600625992
0.6616014213576835	0.4271672884299416	-0.07450765371322632
0.6616544346290756	0.4271672884299416	-0.07393266260623932
0.6616211217898196	0.42745376274956515	-0.07499369978904724
0.6607473395543026	0.42788347422900036	-0.07539243996143341
0.6613135326473226	0.42788347422900036	-0.07522555440664291
0.6615539796041793	0.42788347422900036	-0.07510172575712204
0.6608236891355223	0.4280413274255276	-0.07553279399871826
0.6608032352279761	0.4284096515507578	-0.07574225217103958
0.6611135834183124	0.4284096515507578	-0.07562325149774551
0.6604705549880475	0.42877797567598797	-0.07646661251783371
0.66059492757562	0.42877797567598797	-0.0757582038640976
0.660665498724238	0.4289826001900048	-0.07682022452354431
0.6607597623517715	0.4289826001900048	-0.07672280818223953
0.6607597623517715	0.4289826001900048	-0.07656756788492203
0.6603399139275148	0.4291500202469276	-0.07692260295152664
0.6600676899649893	0.4296319109774372	-0.0776912122964859
0.6606284951391311	0.4296319109774372	-0.07695121318101883
0.6590495483120534	0.4300002351026674	-0.07776191085577011
0.6596080648784196	0.4300002351026674	-0.07770401239395142
0.66016752888595	0.4300002351026674	-0.07770058512687683
0.658882093454383	0.4303685592278976	-0.07815342396497726
0.6593380004708419	0.4303685592278976	-0.07791158556938171
0.6586959820917783	0.4307938858963181	-0.078217051923275
0.6590646254700465	0.4307938858963181	-0.07819277048110962
0.65842859206298	0.43100435682502103	-0.07843983918428421
0.6589837595099134	0.43100435682502103	-0.078370600938797
0.658716110083129	0.4313095396716403	-0.07851479947566986
0.6583863796849655	0.4316778637968705	-0.07857615500688553
0.6574988628926651	0.4318620258594855	-0.07873200625181198
0.6580513829455161	0.4318620258594855	-0.07862651348114014
0.6573201259644368	0.432025725470699	-0.07898008823394775
0.6576073681052881	0.4323940495959292	-0.07907309383153915
0.6573497404938097	0.4325782116585443	-0.07911702990531921
0.6572180670708023	0.43285883956348165	-0.07916472107172012
0.6572259672376884	0.43311194434697314	-0.07923801988363266
0.6565561361662002	0.43622255176697283	-0.07969925552606583
0.657095651210024	0.43622255176697283	-0.07961183041334152
0.6571781594120931	0.43622255176697283	-0.0793292224407196
0.6568423393860617	0.43648564042785154	-0.0800728052854538
0.6571280659977304	0.4366084151362617	-0.08017778396606445
0.6571082700470945	0.43683416218075755	-0.0803506076335907
0.6571854867802224	0.4368991605557982	-0.0809653103351593
0.657470216442365	0.43725433024798444	-0.08116070181131363
0.6577544735241555	0.4374262148397585	-0.08162332326173782
0.6577692410355764	0.43763668576846143	-0.08199825137853622
0.658038259201167	0.43763668576846143	-0.08177686482667923
0.6574316837168384	0.4376893035006372	-0.08205139636993408
0.6564382367458064	0.4383054093101132	-0.08208106458187103
0.6569807476852657	0.4383054093101132	-0.08206088840961456
0.6573014672704225	0.4383054093101132	-0.08206027746200562
0.6563091622930458	0.43862111570316775	-0.08296166360378265
0.6553456028352789	0.4387263511675192	-0.08347998559474945
0.6558858712630079	0.4387263511675192	-0.08322647213935852
0.6553549205832883	0.4388425486594073	-0.08358299732208252
0.655756966728591	0.43915825505246175	-0.0840015858411789
0.6556383458130718	0.43915825505246175	-0.08398912847042084
0.6556486354946673	0.4400417944719127	-0.08461671322584152
0.6554623539467401	0.44019964766844	-0.08483380079269409
0.6557447618533412	0.44024942119887656	-0.08531919866800308
0.6557447618533412	0.44024942119887656	-0.08524463325738907
0.6556715218908576	0.4403344190739297	-0.08565028011798859
0.6557306700417631	0.4403344190739297	-0.08556921035051346
0.6562672745180658	0.4403344190739297	-0.08549971133470535
0.6560267071753286	0.4403344190739297	-0.0854526087641716
0.6558709737097221	0.44073957561168287	-0.08586832880973816
0.6558709737097221	0.44073957561168287	-0.08568534255027771
0.6551812895552279	0.44119984789515965	-0.0870615765452385
0.6554901814286723	0.44119984789515965	-0.08704288303852081
0.6560244032554275	0.44119984789515965	-0.08663041889667511
0.6557438358845104	0.44119984789515965	-0.08609499037265778
0.6546167258154019	0.4414453973119798	-0.08756118267774582
0.655148934535577	0.4414453973119798	-0.08715365827083588
0.6545588659189066	0.44166025305169737	-0.08794236928224564
0.6539932203591604	0.4418290682757612	-0.0880291759967804
0.6545236284859725	0.4418290682757612	-0.08800975978374481
0.6534498362132424	0.44241165787768794	-0.08852281421422958
0.6539789453923625	0.44241165787768794	-0.08823807537555695
0.6532846353085205	0.4424786259004571	-0.08900938928127289
0.653504790728372	0.4424786259004571	-0.08860760927200317
0.6533223393962456	0.4427778892522067	-0.08932843804359436
0.6536019181547971	0.44306728677917323	-0.08956535905599594
0.6535091378327236	0.4434786617761835	-0.08962448686361313
0.6536730941284644	0.4436365149727107	-0.08976037800312042
0.6536069279798725	0.4438002145839241	-0.08981391042470932
0.6530924322455005	0.44420537112167746	-0.09031292796134949
0.6536174261620966	0.44420537112167746	-0.09020787477493286
0.652714202510005	0.4442790359467235	-0.09031622856855392
0.6519553602172493	0.4445552790406462	-0.0904858410358429
0.6522691476982904	0.4445552790406462	-0.09039553254842758
0.6527922183860997	0.4445552790406462	-0.09039437025785446
0.6517974322927119	0.444722699097569	-0.0904867872595787
0.6515961553684171	0.44521379793120924	-0.09049511700868607
0.6514387666297407	0.4453979599938243	-0.09050071239471436
0.6508428160893069	0.4464849883736704	-0.09056760370731354
0.6513622437158746	0.4464849883736704	-0.09053174406290054
0.6506864038490329	0.44657706940497793	-0.09070147573947906
0.6503010378162444	0.44662310992063176	-0.09071851521730423
0.6499162849354572	0.4466844972748368	-0.09153556078672409
0.6489420574492792	0.44683182692492884	-0.09208904951810837
0.6490603593217568	0.44683182692492884	-0.09190268814563751
0.6495763055533321	0.44683182692492884	-0.09170267730951309
0.6488050652821646	0.44720015105015903	-0.09247994422912598
0.6492204539144265	0.44720015105015903	-0.09232533723115921
0.6489247762360189	0.44732292575856913	-0.09251581132411957
0.6489388125417394	0.44821742720555674	-0.0930410847067833
0.6489388125417394	0.44821742720555674	-0.0928042083978653
0.6492163312670027	0.4484476297838255	-0.09323680400848389
0.6489807885183572	0.44897380710558304	-0.09410988539457321
0.6494934115740588	0.44897380710558304	-0.09362033009529114
0.647957966156626	0.4490556569111897	-0.09452860057353973
0.648468974016371	0.4490556569111897	-0.09417305886745453
0.6481039310126707	0.4492230769681125	-0.09466035664081573
0.6475312562530325	0.44923909106051374	-0.09659753739833832
0.6475312562530325	0.44923909106051374	-0.09607527405023575
0.6478562751529702	0.44923909106051374	-0.09599945694208145
0.6474153636715299	0.4495153341544365	-0.09677251428365707
0.6474506009781517	0.44955216656695945	-0.09678971022367477
0.6473986183971291	0.44957672150864153	-0.09710577875375748
0.6475926565292052	0.44957672150864153	-0.09693565964698792
0.6476747353756748	0.4498529646025642	-0.09713812172412872
0.6473838021468719	0.4500229603526705	-0.09721218049526215
0.6467194871782396	0.4505140591863107	-0.098258376121521
0.6472251318124681	0.4505140591863107	-0.09792012721300125
0.6462146319969919	0.45074072018645234	-0.09858729690313339
0.6460157940218196	0.45084595565080393	-0.09934011846780777
0.6456749011174886	0.45094417541753196	-0.10249214619398117
0.6460479604901138	0.45094417541753196	-0.10238543897867203
0.6462916975338837	0.45094417541753196	-0.09954076260328293
0.645478443748891	0.4512388347177162	-0.10423629730939865
0.645794905082405	0.4512388347177162	-0.10383004695177078
0.6448688039572268	0.4519754829681766	-0.10453176498413086
0.6452527207950525	0.4519754829681766	-0.10446948558092117
0.6457536934043654	0.4519754829681766	-0.10441263020038605
0.6445243868922891	0.45213918257938995	-0.10528961569070816
0.6449455194420898	0.45213918257938995	-0.10512004792690277
0.6451605447147749	0.45213918257938995	-0.1050911396741867
0.6451438862159741	0.45213918257938995	-0.10453950613737106
0.6447988854352295	0.45236017705452813	-0.10541881620883942
0.6449627310924113	0.45292143286440273	-0.10542719811201096
0.6435480097629219	0.4532584614757244	-0.1084674522280693
0.6440434277842945	0.4532584614757244	-0.1081002727150917
0.6443798403922175	0.4532584614757244	-0.10579801350831985
0.6443798403922175	0.4532584614757244	-0.10562876611948013
0.644876663707863	0.4532584614757244	-0.10554423183202744
0.6436822402075174	0.45408223254811425	-0.10898945480585098
0.6429682473236045	0.4543258931232666	-0.10993436723947525
0.6434616995471836	0.4543258931232666	-0.1092292070388794
0.6439559097618895	0.4543258931232666	-0.1090669333934784
0.6430228967235754	0.45453636405196957	-0.11037398129701614
0.6416477225861849	0.45458100940048235	-0.11461280286312103
0.6421379041924387	0.45458100940048235	-0.11370912194252014
0.6426288353118519	0.45458100940048235	-0.11226127296686172
0.6431205176648066	0.45458100940048235	-0.11218754947185516
0.6431430935867273	0.45458100940048235	-0.11148413270711899
0.6415050053718137	0.45496979597711423	-0.11486775428056717
0.6411371378845755	0.45521534539393443	-0.11518412828445435
0.641625809483573	0.45521534539393443	-0.11489026248455048
0.6412199863336739	0.4552803437689751	-0.11527497321367264
0.6414928228459678	0.4556486678942053	-0.11657949537038803
0.6414928228459678	0.4556486678942053	-0.11549156904220581
0.6398506914650853	0.45571005524841035	-0.11887675523757935
0.6400326722628585	0.45571005524841035	-0.11840758472681046
0.6405186499942654	0.45571005524841035	-0.11744902282953262
0.6410053662936531	0.45571005524841035	-0.11736830323934555
0.6389576548390973	0.4557468876609333	-0.1201217845082283
0.6394417136685209	0.4557468876609333	-0.12006735801696777
0.6391677221702831	0.4559310497235484	-0.12018280476331711
0.638525906448403	0.45602313075485595	-0.12060227245092392
0.6390085412983263	0.45602313075485595	-0.12042826414108276
0.63860702528077	0.45630645700503303	-0.12362076342105865
0.6387987170850458	0.45630645700503303	-0.12238667905330658
0.6380183328446773	0.45634328941755603	-0.12399905174970627
0.6383117323052406	0.45634328941755603	-0.12371014058589935
0.6366654249382369	0.4568650819282987	-0.12582163512706757
0.6371437610952153	0.4568650819282987	-0.12456630915403366
0.6376228165546853	0.4568650819282987	-0.12432023137807846
0.6381025929403549	0.4568650819282987	-0.12406478077173233
0.635787750195013	0.4569571629596063	-0.13109952211380005
0.6362643527064036	0.4569571629596063	-0.12765364348888397
0.6364021457640253	0.4569571629596063	-0.12675705552101135
0.6360603641544479	0.45710186172308964	-0.13123954832553864
0.6352767437407495	0.45729830125654575	-0.13321205973625183
0.6354349837263303	0.45729830125654575	-0.13279633224010468
0.6354116765002555	0.45729830125654575	-0.1326524168252945
0.6352327457134745	0.45729830125654575	-0.1325368881225586
0.6357075086026475	0.45729830125654575	-0.13225162029266357
0.6361829816831281	0.45729830125654575	-0.13184423744678497
0.6349596983218232	0.45748246331916087	-0.13514092564582825
0.6351346496980866	0.45748246331916087	-0.13327144086360931
0.6352311037505801	0.4575929605567299	-0.13584133982658386
0.6355021059023257	0.4576212931817476	-0.13702063262462616
0.6350200595079822	0.4576882612045168	-0.13937228918075562
0.6349426882108096	0.4576882612045168	-0.13878589868545532
0.6349301443208681	0.4576882612045168	-0.1386525183916092
0.6354015104265258	0.4576882612045168	-0.13831210136413574
0.6352902149043494	0.45772174521590137	-0.14052706956863403
0.6345359056435891	0.45783224245347043	-0.14187845587730408
0.6348203256921421	0.45783224245347043	-0.14161533117294312
0.6344892975680979	0.45804271338217334	-0.14222708344459534
0.6341945353635371	0.4582064129933868	-0.14231212437152863
0.6346360459339764	0.4582064129933868	-0.1422349512577057
0.6344641046079266	0.4582714113684274	-0.14334817230701447
0.6345491825868603	0.45849858270777744	-0.14393796026706696
0.6348180941522857	0.4587499785392838	-0.1450977921485901
0.6343575658308694	0.4588036924742132	-0.14686831831932068
0.6347189632007031	0.4588036924742132	-0.14597909152507782
0.6334357077412893	0.45884973298986703	-0.14845691621303558
0.6339004441372844	0.45884973298986703	-0.1484261155128479
0.6340491430323781	0.45884973298986703	-0.14696289598941803
0.6305900210075235	0.4592180571150972	-0.17966708540916443
0.6310499699652241	0.4592180571150972	-0.17395029962062836
0.6314331738804829	0.4592180571150972	-0.1698780208826065
0.6318944106765972	0.4592180571150972	-0.15781916677951813
0.6323563217955128	0.4592180571150972	-0.15431538224220276
0.6328189087170897	0.4592180571150972	-0.1535714715719223
0.6332821729255209	0.4592180571150972	-0.15133094787597656
0.6337042530103433	0.4592180571150972	-0.1501341015100479
0.6337042530103433	0.4592180571150972	-0.15003320574760437
0.6304162084364363	0.45954034072467365	-0.19250671565532684
0.6302381998545123	0.45954034072467365	-0.18959201872348785
0.6306972225783685	0.45954034072467365	-0.18065586686134338
0.6297890405390866	0.4596324217559812	-0.19939152896404266
0.6301760803779797	0.4596324217559812	-0.19647204875946045
0.6298056335757882	0.45977975140607324	-0.23531490564346313
0.6300382040794031	0.45977975140607324	-0.21782203018665314
0.6300576987099581	0.45977975140607324	-0.21154682338237762
