Precision	Recall	Confidence
1.0	0.00036832412523020257	-8.690357390150893e-06
1.0	0.0007366482504604051	-1.417188104824163e-05
1.0	0.0011049723756906078	-1.505146883573616e-05
0.9615384615384616	0.001808136614766449	-1.5077136595209595e-05
0.9406593406593406	0.002544784865226854	-1.657576831348706e-05
0.8764753764753764	0.00285774000431134	-1.6689300537109375e-05
0.8655503226931798	0.0031523993044955015	-1.7484029740444385e-05
0.8823565323565323	0.003520723429725705	-1.811981201171875e-05
0.8954280287613621	0.0038890475549559073	-1.888275073724799e-05
0.8981929181929182	0.004229039055168402	-1.9164312107022852e-05
0.9021005138652197	0.004575697055385064	-1.9284394511487335e-05
0.9033143599320069	0.004913327503512749	-1.952959064510651e-05
0.8634144387538053	0.005220264274537918	-2.502259667380713e-05
0.8731705502713908	0.005772750462383222	-2.6619973141350783e-05
0.8816258469199647	0.006141074587613424	-2.822009082592558e-05
0.8890242314874669	0.006560554841347821	-2.8280650440137833e-05
0.891027330992729	0.006900546341560316	-3.7458808947121724e-05
0.8909085286536269	0.007227945563987165	-3.890991138177924e-05
0.873258372174781	0.007829541635196493	-4.5299530029296875e-05
0.8645954535660418	0.008087368522857635	-4.532026287051849e-05
0.8710432891105161	0.008660317162104617	-5.2191993745509535e-05
0.8632685941509471	0.008918144049765759	-5.7828427088679746e-05
0.8561699596226451	0.009654792300226164	-5.980099012958817e-05
0.8333167241255476	0.009977075909802591	-6.812810897827148e-05
0.8279840551605256	0.010631874354656285	-7.177654333645478e-05
0.834600053038967	0.01135010639885518	-7.538691716035828e-05
0.8407259770004868	0.011718430524085383	-7.739820284768939e-05
0.8419500492504693	0.01222487619627691	-8.951823110692203e-05
0.8451011969774647	0.012568645379825098	-9.266535198548809e-05
0.8478835380305968	0.013147440433758274	-0.00010603666305541992
0.852790520674771	0.013515764558988477	-0.0001097286440199241
0.8573908169036845	0.01388408868421868	-0.00011339187767589465
0.8536314992197345	0.01423604284832754	-0.00011452480248408392
0.8334239849786068	0.014604366973557738	-0.00014772868598811328
0.8579364551250364	0.014604366973557738	-0.00014004341210238636
0.8380510965069788	0.01523665672186959	-0.00015244721726048738
0.8401758416464299	0.015803309222223748	-0.0001642136339796707
0.8356098107259098	0.01617163334745395	-0.00016761961160227656
0.8361619401212161	0.016487339740508408	-0.00018331278988625854
0.8384721773324715	0.01695212970806081	-0.00019606229034252465
0.8367833625007226	0.017614369044333292	-0.00020199097343720496
0.8355674321010456	0.017903766571299884	-0.0002084175794152543
0.8322358102453862	0.018315422946557167	-0.00021038056001998484
0.833775905467082	0.018683747071787372	-0.00023089036403689533
0.834295171059877	0.01895999016571002	-0.00024427686003036797
0.8354819910126815	0.01928738938813687	-0.00024981499882414937
0.8344231036659071	0.019576786915103457	-0.0003071264654863626
0.8236182363746218	0.020330177171256143	-0.00030910567147657275
0.8272178642037112	0.020698501296486344	-0.00032508373260498047
0.8221020783482084	0.021066825421716544	-0.0003280560194980353
0.8243647826943219	0.02143514954694675	-0.00036258698673918843
0.8144287735596678	0.02166181054708841	-0.00040113358409143984
0.8160433250019382	0.022257825949733648	-0.0004117157659493387
0.8132770905883221	0.022503375366553783	-0.00041509928996674716
0.8140746499802228	0.022819081759608242	-0.0004199359973426908
0.8173947455162903	0.023187405884838443	-0.00045892465277574956
0.8191363581680512	0.02352503633296613	-0.00047087669372558594
0.8142971371386285	0.023811510652589622	-0.0005550513742491603
0.8174446432888213	0.024179834777819827	-0.0005575844552367926
0.8167835288636371	0.024589083805853385	-0.0006062719621695578
0.8197870775707907	0.02495740793108359	-0.0006107247318141162
0.8215416638772526	0.025256671282833126	-0.0006137516465969384
0.8133853248901901	0.025578954892409553	-0.0006635983590967953
0.8102915638041654	0.02603936004894731	-0.0006646201945841312
0.8066167485368486	0.02702155771622785	-0.0007280163117684424
0.7999774198110112	0.027389881841458047	-0.0007385878707282245
0.802962831455623	0.02775820596668825	-0.0007495880126953125
0.8052722015812757	0.02811179712690924	-0.0007571051828563213
0.8060239502126029	0.028443288839616426	-0.0008050655596889555
0.8076045604476607	0.028780919287744115	-0.0009654044988565147
0.8103143553709331	0.029149243412974316	-0.0009666961850598454
0.8129488782130035	0.02951756753820452	-0.001059412956237793
0.8106188544410055	0.029754347332995368	-0.0010799026349559426
0.808673554606217	0.030337925817126337	-0.0011415004264563322
0.8085579072114675	0.0306325851173105	-0.0011682510375976562
0.8085579072114675	0.0306325851173105	-0.0011607275810092688
0.8110768821165797	0.0310009092425407	-0.0011806824477389455
0.8120874276590773	0.03129556854272486	-0.001200342201627791
0.8144965632019096	0.031663892667955065	-0.001217449433170259
0.8138663014190112	0.03200590792709739	-0.0012678366620093584
0.8136929726512736	0.03230056722728156	-0.0013185569550842047
0.812906639655579	0.03257681032120421	-0.0013927329564467072
0.8087697807637585	0.03428805589985311	-0.001402712776325643
0.8074593014774482	0.03454588278751424	-0.001455250894650817
0.804989547888431	0.034914206912744446	-0.0014590421924367547
0.8031315393665601	0.03518431127124659	-0.001460381899960339
0.8038350838348136	0.03590254331544549	-0.0014880816452205181
0.7987753284302338	0.03614809273226562	-0.0015352567424997687
0.7979627988716257	0.036916311622031475	-0.0015591144328936934
0.7970226069099862	0.037442488943788904	-0.0015863010194152594
0.7974260594258012	0.03770557760466761	-0.0016243878053501248
0.7947070917398035	0.038810549980358225	-0.0016579804942011833
0.787955739890974	0.039164707793079574	-0.001725524663925171
0.7965204761941367	0.039164707793079574	-0.0016785169718787074
0.7894516514726808	0.03950672305222191	-0.0017512495396658778
0.7893287685916819	0.03970505142734586	-0.0017745074583217502
0.7863149272521851	0.03988921348996096	-0.001789467642083764
0.7870451120964188	0.04020491988301542	-0.0018053054809570312
0.7882904773718727	0.04090648964535866	-0.0018494033720344305
0.7895106837528731	0.0412413297592043	-0.0018579752650111914
0.7863524190206074	0.0418017883307126	-0.001944290241226554
0.7884677416045619	0.04217011245594281	-0.001946988282725215
0.7864566199548441	0.04238496819566043	-0.0019748324993997812
0.7885298566543116	0.04272873737920862	-0.0020356972236186266
0.7896016849557124	0.04306022909191579	-0.0020581483840942383
0.7873726741995204	0.04320189221700433	-0.002081632614135742
0.7859480606350309	0.04353338392971152	-0.002100050449371338
0.7758026379954052	0.04441931506426144	-0.0021773851476609707
0.7830531299392874	0.04441931506426144	-0.0021120563615113497
0.7778594945275572	0.04476717673808996	-0.0023430080618709326
0.7781744082136703	0.04550382498855037	-0.002388115506619215
0.7801728369685021	0.045803088340299905	-0.0024045032914727926
0.7821355794955691	0.04629418717394018	-0.0024252713192254305
0.7830802990477224	0.04662158639636703	-0.0024678707122802734
0.784632226249058	0.047220726973408164	-0.0025316961109638214
0.7857803518179068	0.04755835742153584	-0.0025731136556714773
0.7854719005091318	0.04783460051545849	-0.0026196567341685295
0.7834204701240499	0.048551517116353	-0.002681789919734001
0.7767896872461479	0.04928816536681341	-0.0028109231498092413
0.7829960028631117	0.04928816536681341	-0.0028106917161494493
0.7763770459130362	0.04999648099225611	-0.0028626988641917706
0.7730598802443334	0.05080009726548564	-0.0029030502773821354
0.7686198821915801	0.05116842139071585	-0.002938923193141818
0.7749200451603635	0.05116842139071585	-0.0029385972302407026
0.7701018263060104	0.05151920627188747	-0.003088053548708558
0.7658457736003242	0.05170336833450257	-0.003120126435533166
0.7677041404765121	0.05222954565626	-0.0031313616782426834
0.7688770737535999	0.05256717610438767	-0.0031327055767178535
0.7643583168529953	0.053645839613990415	-0.0031409754883497953
0.7646346089704139	0.053891389030810546	-0.003186191897839308
0.765675881209103	0.054215443429450574	-0.003232532413676381
0.7668774158798497	0.05451010272963474	-0.0032829761039465666
0.7675071324262146	0.05482317823608041	-0.0033341068774461746
0.7678881451010687	0.05509942133000306	-0.0033800124656409025
0.7680492312138258	0.05532962390827194	-0.003498571924865246
0.7697673850566864	0.05569794803350215	-0.0035142216365784407
0.7703290502118125	0.05640740276302085	-0.0036535263061523438
0.7679908819620913	0.057346629282357876	-0.003696935251355171
0.7660489190493225	0.05832484075780691	-0.003839539596810937
0.7622482202057608	0.058693164883037115	-0.0039076777175068855
0.7677320203511259	0.058693164883037115	-0.003859360935166478
0.7599942927180918	0.059061489008267326	-0.003968739416450262
0.7616844737552884	0.059347963327890815	-0.004111550282686949
0.7557351523605389	0.05954886739619819	-0.004247808363288641
0.7610200135658574	0.05954886739619819	-0.004147423431277275
0.7574197375166731	0.059917191521428395	-0.004283332731574774
0.7560371061333778	0.06012181603544517	-0.00432812562212348
0.7568963975282287	0.060446807910648284	-0.004347534384578466
0.7585389894368217	0.06146627647155331	-0.0043561505153775215
0.75954940500497	0.06208015001360365	-0.0043905735947191715
0.756111664541328	0.06244847413883386	-0.004464002326130867
0.7611524089716035	0.06244847413883386	-0.00440410990267992
0.7560714562219771	0.06275541090985902	-0.004492609761655331
0.7559228410396984	0.0638387045345891	-0.004549832548946142
0.7575077576563238	0.06434869178490785	-0.004632747266441584
0.7570871120734295	0.06465004788736893	-0.004698800854384899
0.7586442459703947	0.06501837201259913	-0.004743995610624552
0.7553702681733012	0.06538669613782933	-0.004933467134833336
0.7601815437667617	0.06538669613782933	-0.004817273933440447
0.7569088199457962	0.06575502026305953	-0.005003849510103464
0.7584281398211349	0.06604967956324369	-0.005047431215643883
0.7599285861576495	0.06641800368847389	-0.005054166074842215
0.7614105084653183	0.06678632781370408	-0.005135349929332733
0.7628742476771876	0.06713991897392509	-0.005154273007065058
0.7639614563534745	0.06745008665832947	-0.005156040191650391
0.7614704243541844	0.06838317444224598	-0.005189920775592327
0.7621986322868487	0.06898440941137175	-0.005235965363681316
0.7636225925725563	0.06960595637269772	-0.005355337169021368
0.7620534104739102	0.07014728122341483	-0.00541234016418457
0.7634613784592718	0.07030934383851611	-0.005576610565185547
0.7630625007854703	0.07094367983196813	-0.005602564662694931
0.7594067612164486	0.0712383391321523	-0.0056544397957623005
0.7588675746202289	0.07175399290747458	-0.005687312223017216
0.7602614036686669	0.07208354607215424	-0.005756258964538574
0.7616392116935597	0.07353910844852693	-0.005767842289060354
0.7630012733410251	0.0738460452195521	-0.005909552797675133
0.7639420128593798	0.07418806047869443	-0.0059343064203858376
0.7647107020522645	0.0745195521914016	-0.005967834498733282
0.766032552040735	0.07474621319154327	-0.005979431793093681
0.7673396327555911	0.07509287119175993	-0.006076312158256769
0.7675210792402823	0.07533842060858006	-0.006115833763033152
0.7688054931671316	0.07570674473381027	-0.006277036853134632
0.7685772911567228	0.07642293053286899	-0.006283667869865894
0.7677691619983386	0.07774178937426346	-0.0064885616302490234
0.765250567781429	0.0779761774539554	-0.00653451681137085
0.7584245915967759	0.07901566998516063	-0.006615916732698679
0.7625241839837854	0.07901566998516063	-0.0065592690370976925
0.7597164387005364	0.07938399411039083	-0.0066159567795693874
0.7604035262015383	0.07983747814366038	-0.006618726998567581
0.7603484810893608	0.08057412639412079	-0.006630504969507456
0.7585138296409029	0.0813107746445812	-0.006651912350207567
0.7589055547911251	0.08231051155592031	-0.006693478208035231
0.75738347724881	0.08287322896946646	-0.006724108476191759
0.7586405576775727	0.08324155309469666	-0.006805357523262501
0.7598846785142862	0.08346254756983477	-0.007077520247548819
0.7611160391372899	0.08369055774259633	-0.0071527692489326
0.7623348348559772	0.0840062641356508	-0.0073491958901286125
0.7635412570140686	0.084374588260881	-0.00739719532430172
0.7626558733630766	0.08507440409881839	-0.007444059010595083
0.7627318628324973	0.0854427282240486	-0.0074652936309576035
0.7639182035183348	0.08581105234927879	-0.00753952469676733
0.7650927398192386	0.08625830307277259	-0.007772137876600027
0.7662556470478564	0.08662662719800279	-0.007779232691973448
0.7674070970623988	0.086994951323233	-0.007797634694725275
0.765177160312093	0.08725803998411173	-0.007851239293813705
0.7663226375788633	0.08784735858448005	-0.007958703674376011
0.7652504623743762	0.0880173543345863	-0.00815171841531992
0.7642374435008554	0.0882225634900717	-0.008184769190847874
0.7597949799266845	0.08900525225618587	-0.00825614482164383
0.7634478404071013	0.08900525225618587	-0.00824244599789381
0.7594736118904036	0.08932076520169557	-0.008266376331448555
0.7598844186878606	0.08961016272866215	-0.008444474078714848
0.7591302469015971	0.09028542362491752	-0.008470077067613602
0.7593808091227163	0.09058468697666706	-0.008508715778589249
0.7593369735660681	0.09133975143338897	-0.008533472195267677
0.7564727423293454	0.09167124314609616	-0.008688533678650856
0.7599912202006446	0.09167124314609616	-0.008537941612303257
0.7575949877563992	0.09203956727132637	-0.009003031998872757
0.7587069373538468	0.0924815562216026	-0.009040399454534054
0.7587940188169697	0.09276803054122609	-0.009250465780496597
0.7577925075426268	0.09355071930734027	-0.00934743881225586
0.7588884690469588	0.09383180877133175	-0.009400781244039536
0.7579475299971978	0.09482833015459345	-0.009401384741067886
0.7569632878826881	0.09559567208215637	-0.009432165883481503
0.7546791697681752	0.09596399620738658	-0.009496631100773811
0.7580482732046402	0.09596399620738658	-0.009435534477233887
0.7553624075527892	0.0962988363212322	-0.009522967971861362
0.754677991660486	0.09643695786819353	-0.009546279907226562
0.7557539653812735	0.09680528199342373	-0.009640379808843136
0.7568205419516609	0.09738407704735692	-0.009778163395822048
0.7524324853113867	0.0978506209393152	-0.00986144132912159
0.7557039308996971	0.0978506209393152	-0.009794507175683975
0.7511484894891198	0.09800408932482776	-0.009996606968343258
0.7507859065585514	0.09815141897491983	-0.010035836137831211
0.7503246725256394	0.09912446238762594	-0.01003650389611721
0.7430476335884949	0.09978670172389842	-0.010208946652710438
0.7461961405104801	0.09978670172389842	-0.010195264592766762
0.7493714432360566	0.09978670172389842	-0.010143405757844448
0.7430768452120727	0.10000769619903653	-0.010223227553069592
0.74415183749152	0.10051201692435174	-0.010230566374957561
0.7406168165843856	0.10079849124397523	-0.010358469560742378
0.7437027199868206	0.10079849124397523	-0.01027238741517067
0.7407495044196867	0.10135934843466668	-0.01054968498647213
0.7416792046758471	0.10171539508905587	-0.010699866339564323
0.7400056560228041	0.10266089526107537	-0.010702133178710938
0.7410668574267927	0.10442810697303846	-0.0107077956199646
0.7415774257570359	0.10474732121490463	-0.010733638890087605
0.742623670996886	0.1049739822150463	-0.010776074603199959
0.7406748864908868	0.1051704217485024	-0.010954691097140312
0.7436614787751242	0.1051704217485024	-0.010793368332087994
0.7411407583734947	0.10548612814155686	-0.011033833026885986
0.7357547206086257	0.10553874587373262	-0.011116532608866692
0.7386860143162298	0.10553874587373262	-0.01110443938523531
0.73592081964882	0.10575360161345022	-0.011173800565302372
0.7369605014612263	0.10660140482313189	-0.011185907758772373
0.7379920289064764	0.10694139632334437	-0.011433601379394531
0.7372967475435603	0.10797094994958308	-0.011543357744812965
0.737403397873558	0.10890259332516536	-0.011556558310985565
0.738033617261645	0.10913937311995621	-0.011635065078735352
0.7375006689324495	0.1103447975298005	-0.011654413305222988
0.7385102817442477	0.11071312165503071	-0.011686366982758045
0.7390332308563388	0.11097094854269185	-0.011749327182769775
0.7393557353636225	0.1121528012715059	-0.01183319091796875
0.7403467781949395	0.11313027683461678	-0.012142975814640522
0.7385328402462985	0.11379676810884289	-0.012417135760188103
0.7413303131260193	0.11379676810884289	-0.012160227634012699
0.7395157994934929	0.11396865270061698	-0.01245901733636856
0.7401792858873999	0.11479738198238493	-0.012492506764829159
0.7411487661639395	0.11516570610761512	-0.012495472095906734
0.7415799709631177	0.11536661017592251	-0.01249660924077034
0.7423056007002913	0.11571191404332583	-0.01252821646630764
0.7429050704569761	0.11625849760095913	-0.012532133609056473
0.7436567739518132	0.11660743624591403	-0.012561962939798832
0.7439297594618132	0.11704691389533643	-0.012585904449224472
0.7436477773713198	0.11737431311776331	-0.012594721280038357
0.7445799672717878	0.11774263724299353	-0.012604421004652977
0.7413700036091755	0.11851946630711538	-0.012763994745910168
0.744056126810658	0.11851946630711538	-0.01275817584246397
0.7418852747638741	0.11884529149481901	-0.012878135778009892
0.7428104171482329	0.11908361886996795	-0.012920006178319454
0.7426575228012751	0.11943659615664691	-0.013026406057178974
0.7430649439199284	0.119620758219262	-0.013032396323978901
0.7436536884772724	0.12034205963117116	-0.013090566731989384
0.7436761136063279	0.1206183027250938	-0.01319145131856203
0.7445786625020803	0.12101810754478813	-0.013221604749560356
0.7440128894172777	0.12148688370417202	-0.01337508112192154
0.7437424480789889	0.12173243312099213	-0.01343601942062378
0.7446353315351597	0.12203936989201732	-0.013620724901556969
0.7455220144117738	0.12240769401724752	-0.013750817626714706
0.7440957559997377	0.12273509323967438	-0.0137594323605299
0.7418453842517441	0.12342701641778538	-0.013848225586116314
0.7444034717836466	0.12342701641778538	-0.01377754658460617
0.7444034717836466	0.12342701641778538	-0.013761162757873535
0.7402832914485336	0.12356573589352145	-0.013920263387262821
0.7400320401694145	0.12418837905760109	-0.013999700546264648
0.7395557407130559	0.12473249424260024	-0.014142190106213093
0.7395911449818252	0.12489034743912748	-0.014179487712681293
0.7387817154379677	0.12579537243255026	-0.014221024699509144
0.7371791535893907	0.12658805989650845	-0.014473128132522106
0.7396612382816109	0.12658805989650845	-0.01425054669380188
0.7380581530757138	0.12695638402173864	-0.014502638019621372
0.7356458065436493	0.12806135639742927	-0.01451900228857994
0.7380979592321281	0.12806135639742927	-0.014516864903271198
0.7361315917576652	0.12838634827263237	-0.014684747904539108
0.7354622905747465	0.12853367792272444	-0.014699645340442657
0.735921296197856	0.12871783998533956	-0.01470260601490736
0.7355576198168794	0.12933171352738987	-0.014767183922231197
0.7344107497672013	0.13080501002831071	-0.01477002538740635
0.7352758613314776	0.1311733341535409	-0.014843304641544819
0.7361353552881935	0.13154165827877112	-0.01492417324334383
0.7369892861772285	0.13236201655769295	-0.015009594149887562
0.7378377078347214	0.13273034068292314	-0.015062014572322369
0.7383234029506511	0.13299821277399965	-0.015075519680976868
0.7390018535822195	0.13369802861193703	-0.015086237341165543
0.7385287137653724	0.13393743929333665	-0.015128044411540031
0.7393614248680305	0.13429103045355764	-0.015136334113776684
0.7401888489160685	0.13465935457878783	-0.015214812010526657
0.7401068769710356	0.13473942504079442	-0.015294017270207405
0.7404414099968489	0.13492358710340951	-0.015490570105612278
0.7402094139486408	0.1355783855482632	-0.015504451468586922
0.7408875090119067	0.1359025107784658	-0.01560298167169094
0.7416972355462443	0.136057594620668	-0.015763472765684128
0.7425019170554461	0.13626221913468478	-0.015800317749381065
0.7413606067540316	0.13644638119729988	-0.01586737483739853
0.7421613479095919	0.1368147053225301	-0.01599031686782837
0.7429571462185128	0.1369988673851452	-0.016132870689034462
0.7426291661881902	0.13723325546483714	-0.016158223152160645
0.7434186472735025	0.13760157959006733	-0.01616496965289116
0.7442032997283237	0.13784712900688745	-0.016242006793618202
0.7430522734080136	0.13923778868483996	-0.016256053000688553
0.741389835387359	0.13958309255224327	-0.016270160675048828
0.7436432999326094	0.13958309255224327	-0.016257133334875107
0.7395276304466117	0.13977134710513875	-0.016275513917207718
0.7403121857765917	0.1401971122546608	-0.01639304868876934
0.741092029062548	0.140565436379891	-0.016409628093242645
0.7418672026282289	0.14070048855914208	-0.016413794830441475
0.740317287621403	0.14105517105010448	-0.016496658325195312
0.7425271899725118	0.14105517105010448	-0.01648763194680214
0.7380570275368584	0.14151256702261258	-0.016618212684988976
0.7400987397847422	0.14151256702261258	-0.016577720642089844
0.7373547944172806	0.14261753939830316	-0.01665615662932396
0.7367431972710705	0.14297995458034787	-0.016667895019054413
0.7363421908274604	0.14312728423043994	-0.01684340462088585
0.7371131200940468	0.14437144624808262	-0.017009327188134193
0.7378795541462508	0.14473977037331284	-0.01709754206240177
0.7383300703925034	0.1450686311994112	-0.01713608391582966
0.7363970225694196	0.14509494006549908	-0.01723223179578781
0.7352320986120899	0.14543885949781632	-0.017328858375549316
0.7358434424807946	0.14571510259173898	-0.017338484525680542
0.7350492356330321	0.1463417319476501	-0.017340676859021187
0.733697111447083	0.14655607360607634	-0.017407825216650963
0.7323800547650265	0.14959171200083077	-0.017435263842344284
0.7328259488793395	0.14991911122325763	-0.0174529068171978
0.7313401827967037	0.1502657692234743	-0.01761849783360958
0.7334178537705579	0.1502657692234743	-0.01760810986161232
0.7309220843518918	0.1505880528330507	-0.017619047313928604
0.7316800503114639	0.15095637695828093	-0.017623266205191612
0.731614469645795	0.15118000232002782	-0.01777683012187481
0.7323662498428656	0.15154832644525804	-0.01779014803469181
0.7326059581343153	0.1518496825477191	-0.017815181985497475
0.7326544095044147	0.15251266597313345	-0.017865806818008423
0.733183360931005	0.15272313690183645	-0.017944544553756714
0.7327105538370132	0.15327562308968173	-0.017954900860786438
0.7334489224728226	0.15339072437881618	-0.017956869676709175
0.733932784694911	0.15369766114984135	-0.018092844635248184
0.7340532379726111	0.15443430940030176	-0.018209250643849373
0.730777598425151	0.15498153381492946	-0.018315158784389496
0.7327742585301378	0.15498153381492946	-0.01824679970741272
0.7347818592384395	0.15498153381492946	-0.018244901672005653
0.7304901592989957	0.15521173639319835	-0.018324056640267372
0.7298655247209497	0.15588141662088964	-0.01844152994453907
0.7293944166961783	0.15606557868350474	-0.018562715500593185
0.7286862556448859	0.15650459127721347	-0.018657565116882324
0.7283816813431109	0.15728801084516342	-0.01867694780230522
0.728491196324043	0.15757133709534052	-0.018784252926707268
0.726160391324359	0.15790617720918615	-0.01910560391843319
0.7270301523678904	0.15790617720918615	-0.019054431468248367
0.7289740832565746	0.15790617720918615	-0.019041085615754128
0.7261288935072803	0.15818362826266494	-0.01916971616446972
0.7264357093000067	0.15838006779612107	-0.0192519910633564
0.7253435306474999	0.15876885437275295	-0.019272437319159508
0.7260663108300065	0.15907021047521402	-0.019310839474201202
0.7267852968908202	0.1595490318380133	-0.019347747787833214
0.7258895641361724	0.1601629053800636	-0.01939966343343258
0.7266052571802033	0.1604745642552584	-0.019425252452492714
0.7270804802320541	0.16080940436910407	-0.019477728754281998
0.7270809795750169	0.16120842217143677	-0.019488636404275894
0.7270478312193451	0.16149174842161385	-0.019697196781635284
0.7264611443169696	0.16165837124017038	-0.019730230793356895
0.7269513647353966	0.16184253330278547	-0.01987185887992382
0.72671849139768	0.16294750567847607	-0.01987423002719879
0.7274192132146089	0.16331582980370626	-0.019890641793608665
0.7266244496684505	0.16354208605206197	-0.01990913227200508
0.7266840811743984	0.1636720828021432	-0.019974390044808388
0.7255334005592999	0.16418207005246194	-0.019999423995614052
0.7273795415276442	0.16418207005246194	-0.01997888647019863
0.7262282527097828	0.16472929446708967	-0.020046604797244072
0.7260778446642193	0.16582186244319938	-0.02005746215581894
0.726309844597513	0.16621870998553495	-0.02007320523262024
0.7269975083045543	0.16700223585193377	-0.020110050216317177
0.7264285922436406	0.16781079500303436	-0.020116731524467468
0.7271125207630317	0.16813307861261081	-0.02024669572710991
0.7272388680373827	0.1684195529322343	-0.020294412970542908
0.7274198658780857	0.16862045700054165	-0.020410478115081787
0.7280962433821103	0.16913611077586396	-0.020488332957029343
0.7284598665420556	0.1694583943854404	-0.020494980737566948
0.7280721349491828	0.16994949321908068	-0.02060001529753208
0.7287419080158104	0.1701950426359008	-0.020683377981185913
0.7294083898142973	0.17060429166393434	-0.020695822313427925
0.7296631078131186	0.17146371462280482	-0.020726464688777924
0.7296109567752707	0.17215943797046188	-0.020778002217411995
0.7290509300514285	0.1722331027955079	-0.020855816081166267
0.7294398301945855	0.17256050201793477	-0.020905746147036552
0.7292874681471875	0.1728060514347549	-0.020979246124625206
0.729502708704172	0.173027045909893	-0.021066958084702492
0.7301560838039204	0.17339537003512323	-0.021179724484682083
0.7301844679004675	0.17370912762328228	-0.021201368421316147
0.7305325821603221	0.17379412549833542	-0.02123301476240158
0.7303794264876754	0.17403967491515554	-0.0212511345744133
0.7291521821763361	0.17680210585438208	-0.021383514627814293
0.7297985970160108	0.17702310032952018	-0.02143036387860775
0.730144314642163	0.17725748840921215	-0.0214847419410944
0.7303894191996243	0.17737258969834657	-0.021525677293539047
0.7305543731825637	0.17810923794880698	-0.021560506895184517
0.7298302314593009	0.17916510044113354	-0.02162405289709568
0.7285806318568026	0.17934926250374866	-0.021652430295944214
0.7283636506909362	0.17958365058344058	-0.02167724445462227
0.7280232039365756	0.1797985063231582	-0.02177283726632595
0.7286601519367242	0.17997364083368433	-0.02182132937014103
0.7288268338247225	0.1802683001338685	-0.022204989567399025
0.7294589391071824	0.18093500400499227	-0.022370528429746628
0.7295713084994395	0.18122147832461574	-0.02238643169403076
0.7292320092531144	0.18145679651573504	-0.022475972771644592
0.7288841281400772	0.18353373533300538	-0.022486625239253044
0.728586474264465	0.18380537437536265	-0.02251669019460678
0.7288278264743011	0.1840355769536315	-0.022524476051330566
0.7294512107812567	0.1843793461371797	-0.022578278556466103
0.7284010908234478	0.18441283014856427	-0.022701945155858994
0.7300717355271713	0.18441283014856427	-0.02266608737409115
0.728564558652618	0.18451104991529232	-0.0227053165435791
0.7291828626192408	0.18483687510299596	-0.022771945223212242
0.7296950503281641	0.18520519922822615	-0.0227794349193573
0.7303079867219778	0.18557352335345637	-0.022779857739806175
0.7304656609601635	0.18595003245924724	-0.02290407381951809
0.7300322430764195	0.18614836083437117	-0.02291000448167324
0.730640278564986	0.18647985254707836	-0.022942161187529564
0.7304590644558513	0.18705410334232364	-0.02313784509897232
0.7308498779991385	0.18738734897943668	-0.023312998935580254
0.7302091499598662	0.18752128502497495	-0.023493869230151176
0.7302091499598662	0.18752128502497495	-0.02341979742050171
0.7308113616787056	0.1878527767376821	-0.02357785589993
0.7314108909400004	0.18822110086291233	-0.023584550246596336
0.7320077556268004	0.1885224569653734	-0.023626720532774925
0.731370142963425	0.18913777491575798	-0.023698272183537483
0.7319644568064263	0.18950609904098817	-0.023836512118577957
0.7307590333550029	0.189759321877084	-0.024159884080290794
0.7323721879540206	0.189759321877084	-0.023862199857831
0.7306639585564205	0.1900487194040506	-0.024426933377981186
0.7312546077701125	0.1904170435292808	-0.024511918425559998
0.7318426720857141	0.19078536765451098	-0.024604246020317078
0.7323332377342833	0.19096543722684575	-0.02460508421063423
0.731827065103054	0.19116355096087106	-0.024618182331323624
0.7322124212856362	0.1916562442712439	-0.024686163291335106
0.7325763856646261	0.19231513520637797	-0.024696797132492065
0.7331552246566941	0.1926834593316081	-0.024947216734290123
0.7334615848626191	0.19300574294118455	-0.025065358728170395
0.7330302739757025	0.1933331421636114	-0.025094063952565193
0.7333355852144646	0.19428026134277476	-0.02515924908220768
0.7336932341732317	0.19461175305548195	-0.02521929331123829
0.7339340491881796	0.19498007718071214	-0.025327183306217194
0.7339683781429057	0.19552419236571136	-0.025355439633131027
0.7345356097460125	0.19585159158813822	-0.025380698963999748
0.7347964762298357	0.19600944478466545	-0.0254641342908144
0.735109759594903	0.19643915626410066	-0.02553160861134529
0.7346116456974561	0.19679331407682202	-0.025548605248332024
0.734596130013683	0.19768343071279504	-0.025556813925504684
0.7330981664556556	0.1978062054212051	-0.02555970475077629
0.7320169328317951	0.19813769713391224	-0.025579672306776047
0.7313194182670226	0.20066334827834803	-0.025660715997219086
0.7303515545922652	0.20102408925982349	-0.02572137489914894
0.7318826899268401	0.20102408925982349	-0.025698833167552948
0.7305848608731955	0.20134330350168966	-0.025725776329636574
0.7310469360638367	0.20169408838286126	-0.02573760226368904
0.7315070899439138	0.20204487326403286	-0.025888001546263695
0.7320641291763954	0.20217880930957113	-0.02594410441815853
0.7326188618282041	0.2025471334348013	-0.025979438796639442
0.7331713021963276	0.20286283982785577	-0.02600979432463646
0.7329482685835518	0.20293650465290183	-0.026093218475580215
0.7330862351091	0.20323116395308596	-0.026119858026504517
0.7332920813066857	0.20353810072411116	-0.02614659070968628
0.7326803815677285	0.2047193422368444	-0.026154322549700737
0.7332270474540932	0.2049824308977231	-0.02617684379220009
0.7337714820511256	0.2056427834365287	-0.026251068338751793
0.7339063670163983	0.20591065552760524	-0.026253025978803635
0.7330244435062023	0.20600273655891277	-0.026490861549973488
0.7321714527485833	0.20646314171545058	-0.026496125385165215
0.7315269621629552	0.20914883846192084	-0.02663770131766796
0.7317326315996631	0.2093790410401897	-0.026711177080869675
0.7322734932295024	0.20974736516541986	-0.026745498180389404
0.7328121783537891	0.21011568929065005	-0.02685093879699707
0.7318790634104873	0.2103919323845727	-0.02696392685174942
0.7333487000840023	0.2103919323845727	-0.0269069354981184
0.7318935661532314	0.21110811818363145	-0.027047807350754738
0.7311812037457399	0.21132911265876958	-0.027209406718611717
0.7313545117426246	0.21149485851512315	-0.02725866064429283
0.7318885982003926	0.21178133283474665	-0.027319960296154022
0.7321266205290662	0.21209676939327715	-0.02732795849442482
0.7263381187837624	0.21240370616430235	-0.02770921215415001
0.7277679182301872	0.21240370616430235	-0.027637237682938576
0.7292033579111146	0.21240370616430235	-0.027541764080524445
0.7306444712666701	0.21240370616430235	-0.027446797117590904
0.7320912920018516	0.21240370616430235	-0.027355505153536797
0.7258189037695558	0.2130302292217646	-0.027714548632502556
0.7253769881066017	0.21315914266559516	-0.027754196897149086
0.725669220551706	0.2134456169852186	-0.027902133762836456
0.7262039784063811	0.2136156127353249	-0.027904843911528587
0.7243546425679097	0.21394301195775176	-0.027962207794189453
0.7257638928452792	0.21394301195775176	-0.027943521738052368
0.724565841581021	0.21424994872877692	-0.027968039736151695
0.7250985962394717	0.21439161185386546	-0.02799186483025551
0.7255707938716289	0.21474877464196745	-0.02799316495656967
0.7241262908182765	0.2153933418611203	-0.02807515859603882
0.7255215245192751	0.2153933418611203	-0.028023183345794678
0.7235041674193932	0.21545472921532532	-0.028152942657470703
0.7234591402787429	0.21640842561101065	-0.028207140043377876
0.7239878990927415	0.21677674973624086	-0.028213538229465485
0.7231267146912806	0.2170529928301635	-0.028370631858706474
0.7230826638061545	0.21723715489277862	-0.028384139761328697
0.722443907362024	0.21778209662637812	-0.028393946588039398
0.7214079048589372	0.21784709500141877	-0.028452912345528603
0.7205827275499512	0.21813942929263208	-0.02845940552651882
0.7207328547190439	0.2183235913552472	-0.028520584106445312
0.7203753398988193	0.21865314451992682	-0.028567619621753693
0.7206665351155823	0.21897542812950324	-0.028646353632211685
0.7210036280946883	0.21927134665746598	-0.028734540566802025
0.721058030293385	0.21954758975138863	-0.028800087049603462
0.7213832715140065	0.22005161223854575	-0.028800345957279205
0.7213289246369853	0.22030660586370515	-0.029130328446626663
0.7216933607228616	0.2205917339694206	-0.029164887964725494
0.7214953928544479	0.22086443548521606	-0.029273346066474915
0.721880292549089	0.22118364972708224	-0.029290925711393356
0.7217778553953182	0.2213175857726205	-0.029334459453821182
0.7222159210952035	0.22182841625582667	-0.029392803087830544
0.7218565160243764	0.22247736828599418	-0.02941223420202732
0.7220006921940731	0.2232140165364546	-0.029428482055664062
0.7225126614533842	0.22342448746515758	-0.029571358114480972
0.7227929690610068	0.22399018527923398	-0.029680302366614342
0.7233016058150233	0.22435850940446417	-0.029735615476965904
0.7227400033623705	0.22451197778997678	-0.02982053905725479
0.7225156157876679	0.22466983098650398	-0.02993878535926342
0.7221095653938948	0.2254842365522908	-0.03004199080169201
0.722615741048915	0.2263999874680417	-0.030155567452311516
0.7226242082965947	0.22675549529925917	-0.0301909651607275
0.7228251322984763	0.22706243207028431	-0.030196134001016617
0.721918242968628	0.2272465941328994	-0.030204061418771744
0.7219452300613849	0.22751799085675328	-0.030241191387176514
0.7222830381462756	0.2276933832973391	-0.030275393277406693
0.7220627083478139	0.22791437777247722	-0.03037615306675434
0.7215941395585884	0.22827349379457665	-0.030477263033390045
0.7220939705468136	0.228825979982422	-0.03049241565167904
0.7224426671348421	0.22913291675344713	-0.030529016628861427
0.7220973524614448	0.2293400990738891	-0.03065471164882183
0.7222364643320495	0.22965580546694359	-0.03073159046471119
0.7227315864990156	0.22995506881869313	-0.030792424455285072
0.7230025267365618	0.23013923088130822	-0.030823325738310814
0.7222117376346591	0.23050755500653844	-0.03092423640191555
0.7234945293533708	0.23050755500653844	-0.030843062326312065
0.7216789349272171	0.23087587913176863	-0.030995525419712067
0.7227033982760137	0.23087587913176863	-0.030973564833402634
0.7209534779477798	0.23162480485307002	-0.03105483576655388
0.7209417389272479	0.23233833319090777	-0.031070148572325706
0.7211811082035495	0.23316969335928453	-0.031100792810320854
0.7212024278967597	0.2334681303428044	-0.03123142383992672
0.7213404271473783	0.23400978346814294	-0.031249575316905975
0.7208077807129715	0.23473941602097992	-0.03126191720366478
0.7207963983980897	0.23494988694968288	-0.03127167746424675
0.7207704157404993	0.23520988044984537	-0.03143812716007233
0.7212560324087767	0.23547775254092188	-0.03145116567611694
0.7216610487666528	0.23571214062061382	-0.031506605446338654
0.7220522227220879	0.23639063243024847	-0.03161829337477684
0.7225331012294891	0.2367589565554786	-0.03169400244951248
0.7220979632917769	0.23712728068070882	-0.03185258433222771
0.722458198670168	0.23747020314213002	-0.03189999982714653
0.722690013917109	0.23760832468909135	-0.03191626816987991
0.7231664915564266	0.23797664881432157	-0.032045282423496246
0.7234269263908066	0.23835270001910203	-0.03210332244634628
0.7234335116662894	0.2384447810504096	-0.03220131993293762
0.7231465408011428	0.23919370677171103	-0.03223065659403801
0.7232776900489224	0.23947937354308527	-0.03235075995326042
0.7237491079534387	0.23984769766831548	-0.032358355820178986
0.7240771990396858	0.24082286809899622	-0.03238238766789436
0.7243758795166982	0.2411543598117034	-0.03254097327589989
0.7244519047535016	0.24165422826737293	-0.03265782445669174
0.724450844031478	0.2420225523926031	-0.03302001953125
0.7249181451853908	0.2420225523926031	-0.03294968605041504
0.7232291731309191	0.24215648843814136	-0.03303082659840584
0.723508061541286	0.2426563568938109	-0.03303103893995285
0.72397275387483	0.24287336212180644	-0.03306562826037407
0.7236901746830191	0.24302683050731905	-0.03314179554581642
0.7235946579191727	0.24321099256993414	-0.03316541016101837
0.7240568742102776	0.24340743210339025	-0.03321012854576111
0.7234631583144868	0.24402130564544058	-0.03339628130197525
0.7214896861823544	0.24415021908927115	-0.03357168287038803
0.7226921689926583	0.24415021908927115	-0.03344859182834625
0.720914121919593	0.24467201160001392	-0.0335996150970459
0.721376950904801	0.2462010209938267	-0.033606525510549545
0.721217386416548	0.2463851830564418	-0.033831920474767685
0.7202672740301348	0.24670439729830798	-0.033849798142910004
0.7214577984500193	0.24670439729830798	-0.03383280336856842
0.7201211647605109	0.2473822374951602	-0.033869776874780655
0.7204786957395232	0.24800858547282437	-0.03408550098538399
0.7209376798187687	0.24870190147325769	-0.03416213020682335
0.7213951590321805	0.24895972836091884	-0.03417099267244339
0.7218511407686253	0.24923256104627456	-0.034192364662885666
0.7221966999068029	0.24957633022982273	-0.03424333035945892
0.7219973578188636	0.24984643458832487	-0.034299738705158234
0.7224501308517319	0.25008476196347385	-0.03437737002968788
0.7222045673404748	0.25056469945998594	-0.034403618425130844
0.7221428887024477	0.2511653189141966	-0.03458837792277336
0.722458162248581	0.2515766141873703	-0.03473101183772087
0.7222779890266756	0.25249620206828416	-0.03473318740725517
0.7220804478489266	0.2539694985692049	-0.03479887545108795
0.7225287051911057	0.25433782269443517	-0.03493180125951767
0.7224387502176365	0.2554811621665039	-0.03496681898832321
0.7224256424428263	0.25564858222342673	-0.03498128056526184
0.722364301967502	0.25588799290482633	-0.03503302112221718
0.721607307893836	0.25610898737996446	-0.03509021922945976
0.7216527362012058	0.2562668405764917	-0.035134147852659225
0.7218535739951905	0.2566729415350789	-0.03522471338510513
0.721728739448857	0.2566729415350789	-0.035146020352840424
0.7220974377308669	0.25699522514465534	-0.035342905670404434
0.7225392542050627	0.25737719090415334	-0.03543221950531006
0.7228209379285467	0.2577086826168605	-0.03555825352668762
0.7222849544843103	0.2577756506396296	-0.03558588773012161
0.7207927429377564	0.2580082764029329	-0.03584685176610947
0.7219332377841768	0.2580082764029329	-0.03559223189949989
0.7206022181066243	0.258229270878071	-0.035874463617801666
0.7208990506908516	0.2587267476186417	-0.03595034405589104
0.720491251022373	0.2589189167274575	-0.03607160225510597
0.7198000558781023	0.25939247631703916	-0.03616005927324295
0.7209300402672358	0.25939247631703916	-0.036091916263103485
0.7195941642321546	0.26056475984565564	-0.036247916519641876
0.7189038261283197	0.26086965037154064	-0.036307934671640396
0.7184063162591647	0.26115203220088384	-0.036408424377441406
0.7185853303044516	0.2617715774006596	-0.03642609715461731
0.719022989199779	0.2620872837937141	-0.03648360073566437
0.7187346512248313	0.26241468301614096	-0.03648893162608147
0.718628085874095	0.2635196553918316	-0.036569394171237946
0.718547650240647	0.2642653655850556	-0.03658587485551834
0.7189826616003987	0.2642988495964402	-0.03661049157381058
0.7191591286864064	0.26470623840161905	-0.03665093332529068
0.7193301014434491	0.26487812299339314	-0.03670627623796463
0.7195918573016816	0.26487812299339314	-0.03668082132935524
0.7193004085072842	0.26513594988105427	-0.03678686544299126
0.7183286506502397	0.2652280309123618	-0.03684696927666664
0.7185412298332299	0.2657417314536866	-0.0369148924946785
0.7180894495476697	0.26611005557891687	-0.03701530396938324
0.7181805767663416	0.2665565567620663	-0.03702116385102272
0.7184408028518943	0.2668839559844931	-0.0370602011680603
0.7168969898213093	0.2672522801097233	-0.03710447996854782
0.7179881572335184	0.2672522801097233	-0.03706073760986328
0.7151791201551843	0.26734436114103083	-0.037247806787490845
0.7162643691994258	0.26734436114103083	-0.03719823807477951
0.7154724814092475	0.2677820168663044	-0.037254560738801956
0.7159022812862728	0.268132801747476	-0.037352241575717926
0.7151018030116104	0.2691858207562961	-0.037455085664987564
0.7152296617420146	0.2693699828189112	-0.037457019090652466
0.7155694313793775	0.2697166408191279	-0.03748380392789841
0.7153959037046337	0.27023843332987063	-0.03752628341317177
0.7152603776121229	0.2704686359081395	-0.03757091984152794
0.7155203005331959	0.2707141853249596	-0.03757452964782715
0.7145038220241415	0.27150464716514516	-0.0377439446747303
0.7155718396953287	0.27150464716514516	-0.037601783871650696
0.7149293006798433	0.2718729712903754	-0.037806421518325806
0.7152360318270146	0.2725891570894341	-0.03813115507364273
0.7149162160293518	0.27298817489176685	-0.03820980712771416
0.7145973492399909	0.27335649901699705	-0.038292475044727325
0.7150201679818575	0.27347927372540715	-0.03829462453722954
0.7151130046827391	0.2737657480450307	-0.038331154733896255
0.7155338126521885	0.2741978205765507	-0.03843157738447189
0.7156022063826495	0.2746826001237287	-0.03843935579061508
0.7156002675135819	0.2752606643758261	-0.03846084326505661
0.7149155612378266	0.27672475277361613	-0.03849933296442032
0.7152292996626923	0.27698784143449484	-0.03858077898621559
0.7151956902677437	0.27764673236962883	-0.038589756935834885
0.7151943579456616	0.2777883954947174	-0.0385945625603199
0.7156107404632849	0.2781106791042938	-0.038594800978899
0.7152398320268982	0.27833167357943195	-0.0386805534362793
0.7145947699871029	0.2786079166733546	-0.03872622549533844
0.7128540735204602	0.27894328548211683	-0.03875495865941048
0.7138901986273214	0.27894328548211683	-0.03875454142689705
0.7149293401100394	0.27894328548211683	-0.03874790668487549
0.7132702270370972	0.27915994673225225	-0.0388181135058403
0.7133957404567252	0.2792827214406623	-0.03886663168668747
0.7132844223872266	0.2798561091387197	-0.03888096287846565
0.7134095530908524	0.2801507684389039	-0.03918885439634323
0.7131053308019357	0.28068688466562786	-0.03928422927856445
0.7138225076253036	0.28068688466562786	-0.039279282093048096
0.7132481392346915	0.2809861480173774	-0.03928724676370621
0.7136595479301941	0.28129780689257217	-0.039358366280794144
0.7134330379124655	0.2816456685664007	-0.0394781269133091
0.7132707588882702	0.28186666304153885	-0.0394865982234478
0.7116942782230092	0.28223498716676904	-0.03962547332048416
0.7127109843347563	0.28223498716676904	-0.039523281157016754
0.7119862616823307	0.2832724334528341	-0.03964746743440628
0.71195826940726	0.2838074727084316	-0.03966887667775154
0.7123674195927611	0.2842810322980133	-0.0397464781999588
0.7127754090685161	0.284557275391936	-0.04028948023915291
0.7131822427667193	0.28490104457548415	-0.04030390828847885
0.7127796815019452	0.28498604245053727	-0.04039498791098595
0.7129285545763516	0.28528739855299834	-0.04042518511414528
0.7128633050870573	0.2854978694817013	-0.040605902671813965
0.7126275181016595	0.2864489012614624	-0.040628090500831604
0.7128910518314743	0.2872745949048356	-0.04064929112792015
0.7125920475451941	0.28745875696745066	-0.04065115377306938
0.7129951442527044	0.2878066186412792	-0.04079728201031685
0.7123993536394101	0.2881099443914688	-0.04083696007728577
0.7133971118377845	0.2881099443914688	-0.04080399125814438
0.7121802980554941	0.28820687179284515	-0.04085247218608856
0.7123824773568712	0.2885225781858996	-0.04089893028140068
0.7121640554602119	0.2889662413367451	-0.04095180705189705
0.7118929529899062	0.28996561284716627	-0.04102703556418419
0.7119725888457963	0.2902489390973434	-0.04106396064162254
0.7116785908030144	0.2904331011599585	-0.041105590760707855
0.7120779279348662	0.29081896452924727	-0.04111575335264206
0.7109001278182348	0.29118728865447746	-0.04142770916223526
0.7118833921720635	0.29118728865447746	-0.04140504077076912
0.7092267067384657	0.29181870144058636	-0.04158834367990494
0.710204950471898	0.29181870144058636	-0.041447628289461136
0.707937622379294	0.2935770106574591	-0.041658807545900345
0.7089114017773398	0.2935770106574591	-0.04164177551865578
0.7079641451569256	0.2937611727200742	-0.041692208498716354
0.7080480720392187	0.2939453347826893	-0.04169732704758644
0.7084474590815725	0.29431365890791955	-0.04169919341802597
0.7075772146995328	0.2943382138496015	-0.041704703122377396
0.7074514403484895	0.29476500212169365	-0.04184713959693909
0.7078500078684508	0.29508728573127013	-0.041859615594148636
0.7082474908509426	0.29551699721070535	-0.041907500475645065
0.7078128353074581	0.29588532133593554	-0.042093344032764435
0.7086438937166343	0.29588532133593554	-0.042009852826595306
0.7070131526834962	0.29590636842880585	-0.04222266003489494
0.7069021741277675	0.2961109929428226	-0.042275018990039825
0.7070184975444268	0.2963477727376135	-0.04237748682498932
0.7072982522708382	0.2963477727376135	-0.042361482977867126
0.7072982522708382	0.2963477727376135	-0.04235208034515381
0.7070764240976014	0.2970107561630278	-0.042414598166942596
0.7065734051329119	0.29717817621995063	-0.04251476749777794
0.7061376249394222	0.29826277608908086	-0.042648278176784515
0.7044031642619968	0.2985850596986573	-0.04281408712267876
0.7044730829383268	0.2985850596986573	-0.042715638875961304
0.7054174168296651	0.2985850596986573	-0.04269712045788765
0.7063642858455438	0.2985850596986573	-0.04265729337930679
0.7037964844699247	0.2987078344070674	-0.04283738136291504
0.7041914224906315	0.29935509405403626	-0.04285464435815811
0.7041414561047139	0.29960064347085635	-0.04290073364973068
0.7039438684710049	0.300340833299444	-0.042917653918266296
0.7043370373043767	0.3005986601871051	-0.043019652366638184
0.7046554821414326	0.3012965131111524	-0.0430256724357605
0.7047155411054836	0.3014346346581137	-0.04303663596510887
0.7039344984845731	0.30194765754682723	-0.04322323948144913
0.704865628773574	0.30194765754682723	-0.04312719404697418
0.7039652877046103	0.3026843057972876	-0.043245043605566025
0.7043553202636295	0.3028587751197651	-0.0432499460875988
0.7046127474738089	0.30313501821368777	-0.04326103627681732
0.7037807051925404	0.303279716977171	-0.04332420602440834
0.703877814211681	0.3035661912967945	-0.04338015615940094
0.7039719843722129	0.30368896600520456	-0.04338388890028
0.7026229706325977	0.30449620971300073	-0.04363111034035683
0.7029812079424815	0.30449620971300073	-0.04350155591964722
0.7039013404136104	0.30449620971300073	-0.04341721907258034
0.7024312269362782	0.3051537437796996	-0.04371155798435211
0.7028186862762049	0.30555040052994753	-0.043838080018758774
0.702218635072133	0.30612334916919454	-0.04384886845946312
0.7024754939876235	0.3064028977360359	-0.04414494335651398
0.7025620767051891	0.306686223986213	-0.04418148472905159
0.7024763274301354	0.30715705420679945	-0.04424741864204407
0.701847960600954	0.30729317399221057	-0.04425734281539917
0.7017163740885495	0.30797315699263555	-0.04429664462804794
0.7019169243892648	0.30828886338569006	-0.04430142417550087
0.7009021892111517	0.3087554072776483	-0.044383127242326736
0.7018054136817846	0.3087554072776483	-0.04436459019780159
0.6998301253963176	0.30890887566316083	-0.044439416378736496
0.7007296499790893	0.30890887566316083	-0.04439843073487282
0.7000547021586301	0.3094153213353524	-0.04447415843605995
0.6999586013876203	0.31012332215385047	-0.044540371745824814
0.6994122697652926	0.3109217502450962	-0.04461010918021202
0.6973669697792647	0.3110381470465759	-0.04499213024973869
0.6979368640082829	0.3110381470465759	-0.04494427144527435
0.6987517185426163	0.3110381470465759	-0.044932834804058075
0.6994312652244502	0.3110381470465759	-0.04468180984258652
0.6971354380707161	0.31242140876132934	-0.045152366161346436
0.6975197839614895	0.3126260332753461	-0.04516172409057617
0.6979031555914494	0.3129943574005763	-0.04524336755275726
0.698285556660321	0.3131872890852207	-0.04526892304420471
0.6986669908491195	0.3134906148354103	-0.045301634818315506
0.6985739769717848	0.31358269586671783	-0.04551585391163826
0.6985337407671126	0.31420533903079745	-0.04554613307118416
0.6985429959461732	0.31452104542385195	-0.045576684176921844
0.698398078131566	0.31459471024889796	-0.0455767922103405
0.6982059380151374	0.3156079477625717	-0.045729685574769974
0.6976127864450204	0.3156929456376248	-0.045913781970739365
0.6984880847968963	0.3156929456376248	-0.04579056426882744
0.6974022720248214	0.31594793926278414	-0.045924112200737
0.6976138525181236	0.3164621486297722	-0.04593893140554428
0.6977992957061832	0.3165054808797993	-0.04605177044868469
0.6970192610583853	0.31665894926531185	-0.046112220734357834
0.6978883623814007	0.31665894926531185	-0.04608625918626785
0.6969296848630391	0.31745614776969266	-0.046142611652612686
0.6962637834826628	0.3177718541627471	-0.04627756029367447
0.6971287074372997	0.3177718541627471	-0.04627719894051552
0.6954967039105862	0.31865900912812245	-0.0463368184864521
0.6963585337791247	0.31865900912812245	-0.04633544385433197
0.6950924076790915	0.3193219925535368	-0.046339068561792374
0.6948515528547964	0.31948569216475026	-0.046352922916412354
0.6952278148118188	0.3198205322785959	-0.04640874266624451
0.6956031500152527	0.320066081695416	-0.046760302037000656
0.6955675577848116	0.3203785991350053	-0.04680287092924118
0.6949123525597479	0.3206548422289279	-0.04693162441253662
0.6949123525597479	0.3206548422289279	-0.04688847437500954
0.6957660532385683	0.3206548422289279	-0.046887755393981934
0.692739398456892	0.32082483797903416	-0.04720339551568031
0.6935862681371572	0.32082483797903416	-0.047065574675798416
0.6944352109378147	0.32082483797903416	-0.047030698508024216
0.6952862344806306	0.32082483797903416	-0.047018036246299744
0.6927076024425138	0.32107038739585425	-0.047243647277355194
0.6927497036907845	0.3213382594869308	-0.047285839915275574
0.6930221087552322	0.3216200365147547	-0.047328706830739975
0.6926473739749893	0.3217428112231648	-0.04744630679488182
0.6930203747347284	0.32220321637970256	-0.04746442288160324
0.6929646637635704	0.32257154050493275	-0.047523096203804016
0.693336377245697	0.3226943152133428	-0.04754967987537384
0.6935972654341434	0.32309054268139353	-0.04765201732516289
0.6937947842647095	0.32404669722870827	-0.04768230766057968
0.6939228967082984	0.32478334547916865	-0.04770299047231674
0.6938398570737101	0.3257415462716236	-0.04770459607243538
0.6917111287424214	0.32661324670133507	-0.048216432332992554
0.6925415142511158	0.32661324670133507	-0.048026420176029205
0.6933738958788214	0.32661324670133507	-0.0477612279355526
0.6942082808317442	0.32661324670133507	-0.047715455293655396
0.6918039666352218	0.32692018347236024	-0.04836347699165344
0.6921726221775242	0.32728850759759043	-0.048434093594551086
0.6922145577869568	0.327380588628898	-0.048441898077726364
0.6925221776463997	0.3285807114036064	-0.048708852380514145
0.692025562498985	0.32995355587037356	-0.048828743398189545
0.6919020026556738	0.33012870300684666	-0.048885222524404526
0.6920701730845414	0.3304970271320769	-0.04894491285085678
0.6921858542141447	0.33080396390310207	-0.04898161068558693
0.6925509955495965	0.33114717501979385	-0.049056194722652435
0.6925767475860137	0.33130064340530646	-0.0491786003112793
0.692940562085912	0.33168570953622895	-0.04925544187426567
0.6933035165042502	0.3318903340502457	-0.04932257533073425
0.6932720680392707	0.3319721838558524	-0.04950221627950668
0.6924241558255935	0.33233590392951723	-0.04983266815543175
0.6932406937451991	0.33233590392951723	-0.04980427026748657
0.6927860097599163	0.3325814533463374	-0.050107523798942566
0.691518384802212	0.33294977747156757	-0.05050177127122879
0.6923309798489831	0.33294977747156757	-0.0501699224114418
0.6918800279618811	0.3332819269059269	-0.05054943636059761
0.6911304339115107	0.3332986689116192	-0.050608664751052856
0.6912371440214774	0.3332986689116192	-0.05058063939213753
0.6914912628438571	0.33387161755086614	-0.05069917067885399
0.6910448962638015	0.33392139108130264	-0.050753720104694366
0.6918512497016822	0.33392139108130264	-0.05070431903004646
0.6912752152307691	0.33407647492350484	-0.050808489322662354
0.6916341975386402	0.33444479904873503	-0.050821270793676376
0.6917600579363887	0.334655269977438	-0.050831716507673264
0.6918082867941577	0.3348173325925393	-0.05086264759302139
0.6903457676117639	0.3348962591908029	-0.050935689359903336
0.6911457047700625	0.3348962591908029	-0.05090852826833725
0.6907037493833111	0.3350541123873302	-0.051027871668338776
0.690932600583664	0.33519530330200176	-0.05109350383281708
0.6896647883570113	0.33524441318536574	-0.05138346552848816
0.6895541322540651	0.33524441318536574	-0.051347315311431885
0.6903494657399407	0.33524441318536574	-0.051278941333293915
0.6900214954968308	0.33534486521951945	-0.051702432334423065
0.6895856663787188	0.33554218171517847	-0.05183553695678711
0.6903773835617024	0.33554218171517847	-0.05171894282102585
0.6891937426989391	0.3358315792421451	-0.051927533000707626
0.6897650113727338	0.3358315792421451	-0.051876336336135864
0.6895489498501403	0.3366085677539402	-0.05205069109797478
0.6897402670959082	0.3368094718222476	-0.05207221210002899
0.6894720860097617	0.3373005706558878	-0.05207838490605354
0.6894461117280497	0.33754612007270796	-0.052197474986314774
0.6894012356054923	0.33826275724937116	-0.052377358078956604
0.6887946998202863	0.33855741654955535	-0.052464213222265244
0.6891228756155364	0.33855741654955535	-0.05241241306066513
0.6890341616118731	0.3388587726520164	-0.05255047231912613
0.689386331304272	0.33888710527703414	-0.05255908891558647
0.6891720933729324	0.3396390543715247	-0.05256178602576256
0.6892973226459573	0.3399337136717088	-0.05259937793016434
0.6896480028687045	0.34019290472279673	-0.05261806398630142
0.6887382422444829	0.3404033756514997	-0.05274716392159462
0.6895147227881633	0.3404033756514997	-0.05272451415657997
0.687963508563668	0.3404770404765457	-0.05276157334446907
0.6876865832951421	0.34084536460177595	-0.05283399298787117
0.6883141113630346	0.34084536460177595	-0.05277516320347786
0.6869861914561757	0.3409960426530064	-0.0528484545648098
0.6873367108386436	0.3413392537696982	-0.052973076701164246
0.6876864460614192	0.34156024824483633	-0.053397394716739655
0.6876864460614192	0.34156024824483633	-0.05329537391662598
0.6864948382662959	0.341799658926236	-0.05355048179626465
0.6869610551032069	0.341799658926236	-0.053453993052244186
0.6867429944210612	0.3423647016183505	-0.05358269810676575
0.6870918329573407	0.34273302574358067	-0.054055213928222656
0.687439895434585	0.34302768504376485	-0.05412153899669647
0.687370517772991	0.34326249167359907	-0.05412881821393967
0.6876692427689483	0.34372289683013685	-0.054219406098127365
0.6877937779765214	0.3439070588927519	-0.05444984510540962
0.6873783050163963	0.34427538301798216	-0.05465489625930786
0.6881395213010214	0.34427538301798216	-0.05465041846036911
0.6869870951029343	0.34469058475915076	-0.05474558845162392
0.6867807075807457	0.34472406877053535	-0.054746113717556
0.6871260430740413	0.3449223971456593	-0.054785773158073425
0.6870470326911237	0.3450627110981279	-0.05490148067474365
0.6873913153834326	0.34527756683784555	-0.05499196797609329
0.6843490753718702	0.3455231162546657	-0.05557713285088539
0.6850986362430332	0.3455231162546657	-0.055562037974596024
0.6858498408880366	0.3455231162546657	-0.05530097335577011
0.6865661048919386	0.3455231162546657	-0.05527909845113754
0.6871243407999831	0.3455231162546657	-0.055262938141822815
0.6846940490599885	0.3458914403798959	-0.05562971904873848
0.6847653437662548	0.3471143979011959	-0.05563266575336456
0.6847706761857179	0.3473510952230523	-0.0556468702852726
0.6844441289518474	0.3479404138234206	-0.05567038059234619
0.6845088829049539	0.3479404138234206	-0.05565588176250458
0.6841007449356081	0.34803863359014864	-0.05577003210783005
0.6847871244638561	0.34803863359014864	-0.05573644861578941
0.6833767996594746	0.3481307146214562	-0.05581926554441452
0.6841179892469579	0.3481307146214562	-0.055807020515203476
0.6829082372097606	0.3484744838050044	-0.05585760250687599
0.683647315388559	0.3484744838050044	-0.05582726374268532
0.682041342080576	0.3486419038619272	-0.05593772232532501
0.6824012435300559	0.3486419038619272	-0.05590379610657692
0.6830706833178855	0.3486419038619272	-0.05588897317647934
0.6818838317938523	0.34902250545799846	-0.0560356006026268
0.6820722823587436	0.34949606504758013	-0.05611272528767586
0.6816815693064716	0.3498643891728103	-0.056179556995630264
0.6824137729254903	0.3498643891728103	-0.05615144595503807
0.6818441113901017	0.3501713259438355	-0.05629715695977211
0.6816309577598014	0.35022394367601123	-0.056308578699827194
0.6810902322700827	0.3505001867699339	-0.05639885365962982
0.6818186710211738	0.3505001867699339	-0.056376419961452484
0.6814305842100292	0.35094217572021014	-0.05643187835812569
0.681237161412364	0.3510403954869382	-0.05644310265779495
0.6815766319539909	0.35149056941777507	-0.05652027949690819
0.6810135927078967	0.35192378874602204	-0.05655960366129875
0.6817380752533306	0.35192378874602204	-0.05655471608042717
0.6804012286675133	0.35215399132429087	-0.056612301617860794
0.6805886535121319	0.3524696977173453	-0.0569150410592556
0.6802064553036407	0.3528380218425755	-0.056950755417346954
0.6809270129893437	0.3528380218425755	-0.056924980133771896
0.6802562082338406	0.35354490652736076	-0.05701252073049545
0.6805234491262372	0.35444116189875424	-0.05702640861272812
0.6801429992861397	0.35494800107962654	-0.05716004595160484
0.6808604497073276	0.35494800107962654	-0.05714478716254234
0.6804796908658384	0.35527949279233373	-0.057171501219272614
0.680500216953256	0.3554151911542606	-0.057206105440855026
0.6802797211742023	0.35543273039831924	-0.057389333844184875
0.6795523702562969	0.3557468423146411	-0.057452064007520676
0.6802654367518439	0.3557468423146411	-0.05742713436484337
0.679887917512573	0.3561151664398713	-0.05750870704650879
0.6792888118008893	0.3562730196363985	-0.05755367502570152
0.6788474095692739	0.3576335759002697	-0.0576147735118866
0.6791387861727946	0.3576335759002697	-0.0575559064745903
0.6788694664936021	0.35769763226987494	-0.05761803314089775
0.6785715368769958	0.35828081213482277	-0.057840630412101746
0.678757548894576	0.35828081213482277	-0.057757310569286346
0.6787757244685998	0.3586533217614761	-0.05812302604317665
0.6783477815217649	0.35980740402053074	-0.05815214663743973
0.678370242329315	0.36031487281529234	-0.05819786339998245
0.6787035374149841	0.3608565259406309	-0.05826389417052269
0.6787773432768734	0.36092578346845194	-0.058360230177640915
0.6786459542330826	0.36125160865615563	-0.05848403647542
0.6787713199828416	0.36180921045685127	-0.05859645828604698
0.6785008301445381	0.36214070216955846	-0.05874229967594147
0.6788322725876881	0.3625090262947887	-0.05877820774912834
0.6791630323481539	0.3626195235323578	-0.05882425233721733
0.67966761223711	0.36284051800749595	-0.05918264389038086
0.6794931115329809	0.36284051800749595	-0.05914866924285889
0.6794831485695155	0.36331320063487466	-0.059209711849689484
0.6796409436308117	0.36360479056734857	-0.059293124824762344
0.6791495082377474	0.36372756527575867	-0.059307146817445755
0.678206966121555	0.36475361105318566	-0.059433259069919586
0.6786959302995933	0.36475361105318566	-0.05940787121653557
0.679087991462732	0.36475361105318566	-0.05938973277807236
0.678152673298982	0.3650884511670313	-0.05954717472195625
0.6781054169069106	0.3654567752922615	-0.05974381044507027
0.6784807541620819	0.3654567752922615	-0.059656936675310135
0.6783403970617266	0.3654902593036461	-0.059748630970716476
0.6766665575013108	0.36565767936056887	-0.05984622612595558
0.6773535286256775	0.36565767936056887	-0.05980168655514717
0.6780418960328175	0.36565767936056887	-0.05978364869952202
0.6768494108950712	0.3658155325570961	-0.05988175421953201
0.6761643406411288	0.3658523649696191	-0.0600251741707325
0.6763906658780945	0.36625752150737234	-0.06006530299782753
0.6760346806795513	0.36653376460129494	-0.06019873544573784
0.6767175439933691	0.36653376460129494	-0.06007641553878784
0.6759030474787199	0.3666390000656465	-0.0602080300450325
0.6762294291026084	0.36700732419087667	-0.06027917191386223
0.6765551540230283	0.3675765523844143	-0.06030780449509621
0.6764335463863775	0.3677300207699269	-0.060414716601371765
0.6766149814373377	0.36793092483823425	-0.060461271554231644
0.6766050031878186	0.3685529833608453	-0.060485221445560455
0.6745911871027951	0.36892656925929307	-0.06083196774125099
0.6752657782898979	0.36892656925929307	-0.06082222983241081
0.6759177726175394	0.36892656925929307	-0.06080354005098343
0.6765950449347914	0.36892656925929307	-0.06072451174259186
0.6739179424050877	0.3689511242009751	-0.06085005775094032
0.6729232914732114	0.3689879566134981	-0.06134756654500961
0.6732460401693897	0.3689879566134981	-0.06110250949859619
0.6732487409344321	0.36935628073872834	-0.061406753957271576
0.6735072743264787	0.36953502627009005	-0.06153128668665886
0.6738314974900074	0.3705018770988193	-0.06153561919927597
0.6725187823231192	0.37053257077592183	-0.06167915463447571
0.6724958552749628	0.37053257077592183	-0.06160484626889229
0.6731630138615451	0.37053257077592183	-0.06157536059617996
0.672507216877158	0.3709008949011521	-0.06199779361486435
0.672842700441494	0.3709008949011521	-0.06178919970989227
0.6721998390660919	0.37108505696376715	-0.06243007630109787
0.6723369234745152	0.37108505696376715	-0.06241068243980408
0.6725422682139024	0.37118550899792085	-0.06302612274885178
0.6725227948896721	0.37118550899792085	-0.06267804652452469
0.6721267890907815	0.37155383312315104	-0.0631193071603775
0.6719318553200896	0.3718551892256121	-0.06316222250461578
0.6720902473495431	0.37222570575634967	-0.06323973834514618
0.6723183568175944	0.37245145280084563	-0.06325370818376541
0.6721495827168916	0.3725251176258917	-0.06331682205200195
0.6717365205028829	0.37263035309024317	-0.06348902732133865
0.6717315646340303	0.37296184480295036	-0.06368031352758408
0.6717266184446091	0.3733670013407036	-0.06385879218578339
0.6720468851583217	0.3737037548266284	-0.06389345228672028
0.6719401143150875	0.37417731441621005	-0.0640164390206337
0.6709614472469428	0.3745456385414403	-0.06413842737674713
0.6716056004740075	0.3745456385414403	-0.06406895071268082
0.6722595494520738	0.3745456385414403	-0.06406084448099136
0.6712809021525283	0.3748777879757997	-0.0641704797744751
0.6715997373589759	0.37524611210102987	-0.06433777511119843
0.6711060962977388	0.3757617658763522	-0.06441274285316467
0.6714244834262018	0.3760564251765363	-0.06454060971736908
0.6710932283857646	0.3765065991073732	-0.06466256082057953
0.6717422547188263	0.3765065991073732	-0.06464049965143204
0.6704454549992919	0.3765329079734611	-0.0647999569773674
0.6698386657672835	0.3769012320986913	-0.06514403969049454
0.6699966198258828	0.3769012320986913	-0.06507010757923126
0.6706427110696879	0.3769012320986913	-0.06492748111486435
0.6699926740943396	0.377001684132845	-0.06518688797950745
0.6699157439732765	0.377001684132845	-0.06514895707368851
0.6698295333322529	0.3770686521556141	-0.06521088629961014
0.6697865519963639	0.3772432057627884	-0.06524335592985153
0.6694365149025808	0.37745806150250605	-0.0652986392378807
0.6691946298803456	0.37782638562773624	-0.06533996015787125
0.6695536522819933	0.37814866923731266	-0.06560072302818298
0.6695108874043606	0.37814866923731266	-0.06535216420888901
0.6695367993428746	0.3784249123312353	-0.0657108724117279
0.6698689636824875	0.3784249123312353	-0.06567893922328949
0.6695794173571058	0.37868800099211397	-0.0657559409737587
0.6692594876862935	0.3787800820234215	-0.06595365703105927
0.6692594876862935	0.3787800820234215	-0.06594562530517578
0.6695738798082647	0.3790001198125201	-0.06596322357654572
0.6692521077403173	0.37953846830666976	-0.06621982902288437
0.6698876747942017	0.37953846830666976	-0.06612082570791245
0.6690916792021748	0.37959218224159913	-0.06648918986320496
0.6687717327893041	0.37975960229852196	-0.06664954870939255
0.6694050393544455	0.37975960229852196	-0.06658459454774857
0.6688957670683312	0.37998059677366003	-0.06676249951124191
0.6682641374488143	0.38013406515917264	-0.06693539768457413
0.667387501103293	0.3806698093413256	-0.06697165220975876
0.6677446873746397	0.3806698093413256	-0.06695834547281265
0.6670415618367174	0.3809043405150833	-0.06704086065292358
0.6673025240969317	0.3812726646403135	-0.06740924715995789
0.6668294388223545	0.38135766251536657	-0.06766565144062042
0.6672392698449607	0.38135766251536657	-0.06741110980510712
0.6669074599866862	0.3816126561405259	-0.06771739572286606
0.6669074599866862	0.3816126561405259	-0.06766702979803085
0.666376150277233	0.3816725088108759	-0.06783527135848999
0.6663764222963242	0.38184439340265	-0.0678982138633728
0.6662207848573193	0.3818904339183038	-0.06812956929206848
0.6659103818977351	0.3820976162387458	-0.06820381432771683
0.6665327280490414	0.3820976162387458	-0.06820327043533325
0.665290480595658	0.38228645543310985	-0.06833349168300629
0.6659110873872585	0.38228645543310985	-0.06821593642234802
0.6656021281928686	0.3825166580113787	-0.06838696449995041
0.6658511804767202	0.38275104609107063	-0.06843731552362442
0.6652336914383853	0.3830234890154473	-0.06849636882543564
0.6658519383635139	0.3830234890154473	-0.06846112757921219
0.6655442353238784	0.3833918131406775	-0.06866557151079178
0.6649274195358118	0.3835882526741336	-0.06878671795129776
0.6646970340055033	0.3846215563869953	-0.06893163174390793
0.6649009715884301	0.3846215563869953	-0.06892500817775726
0.664082711423243	0.38465225006409787	-0.06897793710231781
0.664392884358217	0.3853275109603532	-0.06905362755060196
0.6622546707389901	0.3855577135386221	-0.06961499154567719
0.662864481669689	0.3855577135386221	-0.0693361684679985
0.6634754166758362	0.3855577135386221	-0.06927923858165741
0.6640874788683416	0.3855577135386221	-0.06918089836835861
0.6617295369339994	0.38558604616363973	-0.0696798712015152
0.6620401617852997	0.38595437028887003	-0.06968070566654205
0.6623502166827443	0.38618457286713886	-0.06968329101800919
0.6620325624728465	0.3862929034922066	-0.06975970417261124
0.662342056463256	0.3864156782006166	-0.06986109167337418
0.6624846363001441	0.3876785037728345	-0.07001093029975891
0.6623361128665973	0.38816960260647476	-0.07001546025276184
0.6620663257146933	0.38897275382399066	-0.07039815187454224
0.6626444817132945	0.38897275382399066	-0.07015268504619598
0.6623743782892468	0.3890010864490084	-0.07053351402282715
0.6623782874772043	0.3890993062157364	-0.07056668400764465
0.6618810340252256	0.3891811560213431	-0.07102657854557037
0.6624832915630101	0.3891811560213431	-0.0706455335021019
0.6620746025683453	0.3896059844157847	-0.07108063250780106
0.6620409595533104	0.3898361869940536	-0.07119382917881012
0.6622178425067009	0.3904708377944503	-0.07126966118812561
0.6621614857652998	0.39059361250286034	-0.07127451151609421
0.6616292156137424	0.39074094215295246	-0.07147948443889618
0.6621655628520884	0.39074094215295246	-0.07134712487459183
0.6619348802789513	0.39110926627818265	-0.07156328111886978
0.6618990111613076	0.39140392557836684	-0.07159032672643661
0.6622399932028873	0.39140392557836684	-0.07156576961278915
0.6604760592255087	0.3916341281566357	-0.07215915620326996
0.6606202425671308	0.3916341281566357	-0.07194237411022186
0.6606420560619181	0.3916341281566357	-0.0719359964132309
0.6612366933761052	0.3916341281566357	-0.07192335277795792
0.6613027057458469	0.3916341281566357	-0.07167119532823563
0.6598300447824521	0.392002452281866	-0.07238456606864929
0.6604218206073691	0.392002452281866	-0.07231070846319199
0.6597988630055656	0.39226334853723727	-0.07245396822690964
0.6586808952718657	0.3928669908535868	-0.07281655818223953
0.6592695287797047	0.3928669908535868	-0.07274030148983002
0.6598592152991857	0.3928669908535868	-0.07266117632389069
0.658316327122649	0.3930143205036788	-0.07286281138658524
0.6584086519308328	0.39325986992049894	-0.07289320230484009
0.6570079198248707	0.39335195095180653	-0.07317642122507095
0.6574141490869375	0.39335195095180653	-0.07315976917743683
0.6579990371199329	0.39335195095180653	-0.07307646423578262
0.6581191814779409	0.39335195095180653	-0.07299155741930008
0.6564877574912034	0.39349928060189865	-0.07355839014053345
0.6570702665927928	0.39349928060189865	-0.07337227463722229
0.655989549070865	0.394186346758578	-0.07363525778055191
0.6565705849867824	0.394186346758578	-0.07362306118011475
0.6554615513819461	0.3943441999551053	-0.07379043102264404
0.6560410929835216	0.3943441999551053	-0.07369483262300491
0.6557656453348305	0.39482609068561475	-0.07383759319782257
0.6559432266503579	0.3949839438821419	-0.07392924278974533
0.6562463603713709	0.3952458632600835	-0.07412847131490707
0.6565489604062552	0.39561418738531356	-0.0741327777504921
0.65640207817878	0.3957983494479287	-0.0745663270354271
0.6568510281631538	0.3957983494479287	-0.07430221885442734
0.6568510281631538	0.3957983494479287	-0.07424104958772659
0.6559212902191269	0.39651680190508776	-0.07479865849018097
0.6564971649252016	0.39651680190508776	-0.07463262230157852
0.6550185303453611	0.39657818925929283	-0.07507768273353577
0.655492495632315	0.39657818925929283	-0.07487919926643372
0.6539236602898509	0.397007900738728	-0.07519607245922089
0.6542660348735932	0.397007900738728	-0.0751299187541008
0.6548379457432381	0.397007900738728	-0.07512114942073822
0.6553203514036766	0.397007900738728	-0.0750948116183281
0.6542253833410365	0.3973236071317825	-0.07520091533660889
0.6545265807423074	0.39757500296328885	-0.07529943436384201
0.6546531894622881	0.39842777204810215	-0.07550967484712601
0.6548292674341841	0.39867332146492224	-0.07551036775112152
0.6551291551253795	0.3986978764066043	-0.07562994956970215
0.6545101030159428	0.3989083473353072	-0.07591351866722107
0.6548498184745184	0.3989083473353072	-0.07567176967859268
0.6544381086211531	0.39911881826401024	-0.07596465200185776
0.6543909760595763	0.3993398127391482	-0.07601112872362137
0.6546899458034694	0.399544437253165	-0.0760255828499794
0.6546325087665757	0.4000355360868053	-0.07614696770906448
0.6547970773450631	0.40033019538698944	-0.07622452825307846
0.654714864113064	0.40033019538698944	-0.07621394097805023
0.654725207943411	0.4004435258870602	-0.0762823224067688
0.6546780716747259	0.4005663005954703	-0.0765194222331047
0.6544588994960041	0.4012359808231616	-0.07656921446323395
0.6547560113623015	0.4016124899289525	-0.076608806848526
0.6539719049865838	0.40173526463736253	-0.07754998654127121
0.6540611512569585	0.40173526463736253	-0.07724563777446747
0.6546230594625058	0.40173526463736253	-0.07690064609050751
0.6542684157792259	0.4020299239375468	-0.07759449630975723
0.6545644188479081	0.4022140860001619	-0.07766810059547424
0.654306400676499	0.40375774185320995	-0.07772590219974518
0.6537012659187252	0.40438038501728957	-0.07785772532224655
0.654259984949425	0.40438038501728957	-0.07784338295459747
0.6533795136579835	0.40452771466738163	-0.07797332853078842
0.6537338517770642	0.40452771466738163	-0.07793847471475601
0.6530120591666507	0.40495304133580223	-0.07822999358177185
0.6535682874964349	0.40495304133580223	-0.07801486551761627
0.6516673765032382	0.40549549305228705	-0.078399658203125
0.6522210446226123	0.40549549305228705	-0.07839090377092361
0.6527756543544342	0.40549549305228705	-0.07827243953943253
0.6513345451909023	0.405738484662682	-0.07843998819589615
0.6509573002855349	0.4060541910557364	-0.07888403534889221
0.6515089590145904	0.4060541910557364	-0.07888078689575195
0.6493603456081971	0.406109439674521	-0.07951019704341888
0.6498149480021981	0.406109439674521	-0.07943104207515717
0.6502984959060226	0.406109439674521	-0.07921373099088669
0.6502984959060226	0.406109439674521	-0.07912855595350266
0.6507076598901506	0.406109439674521	-0.07904867082834244
0.6496568625279341	0.4063725283353997	-0.07998138666152954
0.6501756533774246	0.4063725283353997	-0.0796784907579422
0.6499511453628589	0.4063725283353997	-0.07957807183265686
0.6496559945579372	0.4063725283353997	-0.07954462617635727
0.6499512685258098	0.40669481194497614	-0.08019958436489105
0.6499512685258098	0.40669481194497614	-0.079988032579422
0.6496530654279848	0.407203450022675	-0.08036617934703827
0.6497787187154979	0.407203450022675	-0.08029364794492722
0.6488589573139397	0.4072648373768801	-0.08049292862415314
0.6494023902765143	0.4072648373768801	-0.0804663598537445
0.6499467342750695	0.4072648373768801	-0.08037786185741425
0.6481117901322148	0.40755131169650355	-0.0806630328297615
0.6485058095155872	0.40755131169650355	-0.08057735115289688
0.6490480384533094	0.40755131169650355	-0.08054018020629883
0.6463168943216161	0.40757433195433046	-0.08151102811098099
0.6463168943216161	0.40757433195433046	-0.08121298253536224
0.6466431974470849	0.40757433195433046	-0.08114974200725555
0.6471357704819944	0.40757433195433046	-0.08100871741771698
0.6475712465207617	0.40757433195433046	-0.08085133880376816
0.6459133136741347	0.4077584940169455	-0.08161825686693192
0.6462546430141406	0.4077584940169455	-0.08159318566322327
0.646056275088664	0.4082613981110098	-0.08176013082265854
0.6463497607643782	0.4085069475278299	-0.08200155198574066
0.6463113599683844	0.40861130602997847	-0.08223692327737808
0.6461171988308961	0.40871654149433	-0.082253597676754
0.645795880447241	0.4096180586389411	-0.0824662521481514
0.6461145023412569	0.4096180586389411	-0.08238278329372406
0.6456165043515549	0.40975618018590243	-0.08247186243534088
0.6457026293479645	0.410013422432095	-0.08275804668664932
0.6453352441521646	0.41009527223770165	-0.08292283117771149
0.6454869400117723	0.41009527223770165	-0.08288959413766861
0.6455328949584073	0.41009527223770165	-0.08282565325498581
0.6453527864404166	0.4106080927505222	-0.08300484716892242
0.6441959294001757	0.41097641687575237	-0.08385834842920303
0.6442494118272079	0.41097641687575237	-0.0836959108710289
0.6445848960718183	0.41097641687575237	-0.08357420563697815
0.6451141119142418	0.41097641687575237	-0.08327683806419373
0.6456441974622404	0.41097641687575237	-0.08308442682027817
0.644487094760732	0.4115657354761207	-0.08434390276670456
0.6445441664038432	0.4121603158497065	-0.08444371819496155
0.6442061351117553	0.41249794629783426	-0.08464424312114716
0.644732447313644	0.41249794629783426	-0.08453276753425598
0.6440353165747112	0.4131466990184101	-0.08479394763708115
0.6421946700727525	0.41342294211233277	-0.08514789491891861
0.6422164491586081	0.41342294211233277	-0.085136778652668
0.642738576353046	0.41342294211233277	-0.08502800762653351
0.6432542883179968	0.41342294211233277	-0.08500929176807404
0.6437781110283535	0.41342294211233277	-0.08486295491456985
0.6441216773598989	0.41342294211233277	-0.0848531424999237
0.6420857646107222	0.41382100669487976	-0.08546619117259979
0.6424848609323855	0.41382100669487976	-0.0852842777967453
0.6423755737082034	0.41434718401663717	-0.08551184087991714
0.6425300702774793	0.4144524194809886	-0.08557890355587006
0.642010644189947	0.4144769744226706	-0.08563590049743652
0.6422998116825238	0.4148452985479008	-0.08582278341054916
0.6417975924037755	0.4148759922250034	-0.08620031923055649
0.6417408431933116	0.41530877307214886	-0.08632946014404297
0.6417992999790428	0.4155718617330275	-0.08653077483177185
0.6417298605712946	0.4159401858582578	-0.08679772913455963
0.6413084775633496	0.41615455439675153	-0.08688129484653473
0.6418244135871335	0.41615455439675153	-0.08683498948812485
0.6413288455867259	0.4161880384081362	-0.08700732886791229
0.6411021754253998	0.41655636253336636	-0.08775237947702408
0.6416167036560784	0.41655636253336636	-0.08752965182065964
0.6395090658088748	0.4169042242071949	-0.08850709348917007
0.6400206730615219	0.4169042242071949	-0.08844844251871109
0.6405330995411548	0.4169042242071949	-0.08794738352298737
0.6410463472170692	0.4169042242071949	-0.08786829560995102
0.6393976368425738	0.41708838626981004	-0.08853721618652344
0.6396854280342397	0.4171271572303606	-0.08892133831977844
0.6398398522011448	0.4173573598086295	-0.08897076547145844
0.6398398522011448	0.4173573598086295	-0.08896911889314651
0.6396620249616751	0.4176478535383497	-0.08920061588287354
0.6393915934131388	0.41825354209983945	-0.08921515941619873
0.6396061513412834	0.4183102073498748	-0.0894736722111702
0.6390565796849045	0.41892495785412814	-0.08973299711942673
0.6394510148493144	0.41892495785412814	-0.08952763676643372
0.6393430427169006	0.4196616061045885	-0.08998033404350281
0.6390429745034031	0.4200425225076044	-0.09002939611673355
0.6395497492651029	0.4200425225076044	-0.08998412638902664
0.6388537084903363	0.4204292628390961	-0.0902484729886055
0.639139425493113	0.4209028224286777	-0.09064357727766037
0.6389196159741665	0.4214461005133923	-0.0911087840795517
0.639424690769403	0.4214461005133923	-0.09092702716588974
0.6390292119976894	0.42181442463862256	-0.09113378822803497
0.638129880049176	0.42203541911376063	-0.09124838560819626
0.638439261911567	0.42203541911376063	-0.0911494717001915
0.6389427629067653	0.42203541911376063	-0.0911371186375618
0.6381310734593014	0.4224037432389908	-0.09149318933486938
0.6384145929680989	0.4224037432389908	-0.09137064963579178
0.6384153381305825	0.42258790530160595	-0.09164746850728989
0.6386991565464923	0.4227553253585288	-0.09174875169992447
0.638590372894299	0.42337143116800474	-0.0917704850435257
0.6378709889845273	0.4234123560708081	-0.09192120283842087
0.6383511432394706	0.4234123560708081	-0.09189657121896744
0.637655397133105	0.4236802281618846	-0.0921621024608612
0.6381543450181857	0.4236802281618846	-0.09211914986371994
0.6377431663540948	0.42400251177146103	-0.09235156327486038
0.6376681651833787	0.42518675390453814	-0.09239380061626434
0.6372587058456027	0.4254629969984608	-0.09268580377101898
0.6377557875194293	0.4254629969984608	-0.09254693984985352
0.6373465105918289	0.42575693409447785	-0.09278901666402817
0.6377994264829325	0.42595337362793395	-0.09304062277078629
0.6376287312061544	0.42595337362793395	-0.09284543991088867
0.6373778559069847	0.42597713647472296	-0.093255914747715
0.6370933970423454	0.4264559578375222	-0.09370981901884079
0.6372711960809699	0.4264559578375222	-0.09355466812849045
0.6361064204396462	0.42675731393998334	-0.09377164393663406
0.636599526191925	0.42675731393998334	-0.0937291756272316
0.6357246485529724	0.4268625494043348	-0.0938621312379837
0.6358130285618254	0.4271387924982575	-0.09387926757335663
0.6356032787107647	0.4274252668178809	-0.09427949041128159
0.6360944713527359	0.4274252668178809	-0.09398417919874191
0.6358201486088788	0.4275940820419447	-0.09428359568119049
0.6356984198464896	0.4277519352384719	-0.09453365206718445
0.6359081824187409	0.4277519352384719	-0.09438483417034149
0.6355169737957995	0.42781332259267696	-0.09453827887773514
0.634959015486027	0.4278468066040615	-0.0945737436413765
0.6350396819651758	0.4278468066040615	-0.09456886351108551
0.6351241775325046	0.42897838016657425	-0.09466785937547684
0.6353451696626231	0.4292333737917336	-0.09475131332874298
0.635642794620298	0.42929837216677424	-0.09496501088142395
0.6354330951460107	0.42929837216677424	-0.09478456526994705
0.6353077125576299	0.4295645559883692	-0.09527575969696045
0.6357941656300323	0.4295645559883692	-0.09527572989463806
0.6352467399605335	0.42963152401113824	-0.0952763557434082
0.6353726018856973	0.4299788010434981	-0.09531312435865402
0.6355555235636472	0.4302366279311593	-0.09543666988611221
0.6354270579046813	0.43106738399419714	-0.09554161876440048
0.6356574879005404	0.43106738399419714	-0.09550187736749649
0.6357047219885315	0.43136204329438127	-0.09555290639400482
0.635220928440595	0.43150370641946983	-0.09556899219751358
0.6351724171424871	0.43152672667729675	-0.09562353789806366
0.6326689034857153	0.4318029697712194	-0.09658166021108627
0.6331474730042369	0.4318029697712194	-0.09652768820524216
0.6336267670791834	0.4318029697712194	-0.09638125449419022
0.6341067873572737	0.4318029697712194	-0.09607916325330734
0.6345875354902208	0.4318029697712194	-0.09598574787378311
0.6350690131347506	0.4318029697712194	-0.0958675667643547
0.6349671439197954	0.4318029697712194	-0.09578876197338104
0.6354496417495217	0.4318029697712194	-0.09568147361278534
0.632431593246557	0.4320134406999223	-0.09689406305551529
0.6329089001093845	0.4320134406999223	-0.09688329696655273
0.6329463438909375	0.4320134406999223	-0.0967131108045578
0.6327085852637034	0.4329200847004889	-0.09731686115264893
0.6312387027214849	0.43349409632422425	-0.09809459745883942
0.6317133182874408	0.43349409632422425	-0.09803158789873123
0.6321658467208376	0.43349409632422425	-0.09786956757307053
0.6324536222078263	0.43349409632422425	-0.09734027087688446
0.6315155505422645	0.43373964574104446	-0.09809934347867966
0.6307765221885034	0.4338010330952494	-0.09847976267337799
0.6312020919249599	0.4338010330952494	-0.09846346080303192
0.6305454105705287	0.4341221361787835	-0.09879683703184128
0.6305807489516944	0.4341221361787835	-0.09864577651023865
0.6310530940819953	0.4341221361787835	-0.0984872430562973
0.6308215350768288	0.4342756045642961	-0.09880582243204117
0.6303457373185605	0.43492017178344894	-0.0996730849146843
0.6306989399547899	0.43492017178344894	-0.09953469783067703
0.6299003851822788	0.435104333846064	-0.10015155375003815
0.6301627716259481	0.435104333846064	-0.10005661100149155
0.6304971076362448	0.435104333846064	-0.09978588670492172
0.6293177752981344	0.4354391739599096	-0.10026386380195618
0.6297860176904694	0.4354391739599096	-0.10022907704114914
0.6293882211790679	0.4361103100141828	-0.10029874742031097
0.6293353454799891	0.43619530788923594	-0.10112211108207703
0.6290601675627507	0.43619530788923594	-0.10105336457490921
0.6296101154240366	0.436242833582814	-0.10122507065534592
0.6296375647212532	0.4364927678106488	-0.10160956531763077
0.6289394885829647	0.4370858135003795	-0.10212638229131699
0.6294050248439439	0.4370858135003795	-0.10178643465042114
0.6294050248439439	0.4370858135003795	-0.10166732221841812
0.6290289642011591	0.4372489284701243	-0.10236921906471252
0.628592513085487	0.43739625812021643	-0.10262463986873627
0.6290567616180465	0.43739625812021643	-0.1024186909198761
0.6288664124121202	0.43765408500787756	-0.10278315097093582
0.6282347976662995	0.4378259695996517	-0.10318257659673691
0.6286486282713104	0.4378259695996517	-0.10307271778583527
0.6285165671648494	0.4380364405283546	-0.10330329835414886
0.6285083555782449	0.4380364405283546	-0.10323631018400192
0.628684551213327	0.43835214692140906	-0.10388269275426865
0.6277990726326269	0.4385158465326225	-0.10450862348079681
0.6282596735663266	0.4385158465326225	-0.10448398441076279
0.6285741079815736	0.4385158465326225	-0.10406666994094849
0.6278719471048907	0.43885583803283496	-0.10491243749856949
0.6275310175405111	0.43961959238774956	-0.1049727201461792
0.6273445686844578	0.43982677470819154	-0.10527738183736801
0.6278034893638172	0.43982677470819154	-0.10498805344104767
0.6274341635941112	0.4401030178021142	-0.10530827939510345
0.6272241296316878	0.4404605088648377	-0.10582038760185242
0.6273626143978424	0.4404605088648377	-0.10540121793746948
0.6274047242893906	0.44067536460455525	-0.10585560649633408
0.6273119313365215	0.4407490294296013	-0.10611072927713394
0.6269160226043503	0.4409127290408147	-0.10623785108327866
0.627330594017141	0.44104272579089593	-0.10727792978286743
0.6270597586930255	0.44104272579089593	-0.1069406196475029
0.6267885294266204	0.44104272579089593	-0.10664024949073792
0.6272308613581291	0.4415438166787271	-0.10769625008106232
0.626528870461751	0.44163589771003464	-0.10811544954776764
0.6269832061183584	0.44163589771003464	-0.10810219496488571
0.6258418108127979	0.441799597321248	-0.10867579281330109
0.6262946630637478	0.441799597321248	-0.10854540765285492
0.6264889716210318	0.441799597321248	-0.10847333073616028
0.6257786747778621	0.44268313674069903	-0.10890471935272217
0.6253566757281587	0.44299007351172426	-0.10895246267318726
0.6258081967936663	0.44299007351172426	-0.10894756019115448
0.6239681878637815	0.44343557031081215	-0.10992220789194107
0.6244174090213508	0.44343557031081215	-0.10958680510520935
0.6248672774716544	0.44343557031081215	-0.10904647409915924
0.6253177946147486	0.44343557031081215	-0.1090138703584671
0.6237949294229804	0.4437188965609893	-0.11009986698627472
0.6240455004929684	0.4437188965609893	-0.11008236557245255
0.6239190055256736	0.4437188965609893	-0.10999079793691635
0.623634387866723	0.44389282739790353	-0.11044038832187653
0.623290117014956	0.4440309489448649	-0.11101630330085754
0.6237249725349189	0.4440309489448649	-0.1104750707745552
0.6229732294574033	0.44418880214139217	-0.11157909035682678
0.6231507335586614	0.44418880214139217	-0.11155321449041367
0.6230997675349892	0.44443435155821226	-0.11165841668844223
0.6229225534153213	0.44471059465213497	-0.11167045682668686
0.62310383365296	0.4447451250388753	-0.11196968704462051
0.6231917021994645	0.4447451250388753	-0.11172129958868027
0.6223591370231359	0.44522677966417634	-0.11307292431592941
0.6227989719370596	0.44522677966417634	-0.11287564039230347
0.6232428771201936	0.44522677966417634	-0.1128568947315216
0.6223229132922722	0.4452881670183814	-0.11326322704553604
0.6205574582191026	0.4454820218211341	-0.1143166646361351
0.6209978822490665	0.4454820218211341	-0.11424678564071655
0.6214389318813457	0.4454820218211341	-0.11407271027565002
0.6218806084498469	0.4454820218211341	-0.1137349009513855
0.6198997989298404	0.44595637864908205	-0.11449473351240158
0.62033913259315	0.44595637864908205	-0.11448802798986435
0.618362674005625	0.44618658122735094	-0.11489157378673553
0.6187996794289504	0.44618658122735094	-0.11483657360076904
0.6192373029646145	0.44618658122735094	-0.11482445150613785
0.6196755459249574	0.44618658122735094	-0.11472244560718536
0.618195730882909	0.44621491385236867	-0.11547249555587769
0.6186320016880487	0.44621491385236867	-0.11505413055419922
0.6181124357941966	0.4462517462648917	-0.11574244499206543
0.6177686031843909	0.44643590832750685	-0.11579164117574692
0.618037590796506	0.44680423245273704	-0.11598570644855499
0.6178959797387495	0.4468305413188249	-0.11615606397390366
0.6164263706950742	0.44716817176695256	-0.11811193078756332
0.616858041823012	0.44716817176695256	-0.11761520802974701
0.617162905074592	0.44716817176695256	-0.11744535714387894
0.6173151932268184	0.44716817176695256	-0.11737711727619171
0.6177483968711881	0.44716817176695256	-0.11703921109437943
0.6181166314525995	0.44716817176695256	-0.11695049703121185
0.6179888146089261	0.44716817176695256	-0.11661683768033981
0.6166246739323503	0.4476081144720887	-0.11841022223234177
0.6164617903095398	0.4478464418472376	-0.11860796809196472
0.6168925812182118	0.4478464418472376	-0.11843419075012207
0.6150783088065462	0.4483011804787719	-0.11996454745531082
0.6155066363196428	0.4483011804787719	-0.11897116899490356
0.6159134381346767	0.4483011804787719	-0.11895933002233505
0.6162993610343521	0.4483011804787719	-0.11871400475502014
0.6167294373504961	0.4483011804787719	-0.11862349510192871
0.6139713870916071	0.4484648800899853	-0.12313834577798843
0.6140966561996225	0.4484648800899853	-0.12305521965026855
0.6145228162663815	0.4484648800899853	-0.12262903898954391
0.6144971271446811	0.4484648800899853	-0.12101161479949951
0.6149183667512211	0.4484648800899853	-0.12087644636631012
0.6153459873122442	0.4484648800899853	-0.12050923705101013
0.6141521548290784	0.4487513544096088	-0.12316231429576874
0.6137484296221165	0.4487881868221318	-0.12334698438644409
0.613230640259285	0.4488188804992343	-0.12369105964899063
0.6136544347584276	0.4488188804992343	-0.12361942231655121
0.6138399118602975	0.4488188804992343	-0.12336159497499466
0.6134975618326051	0.4490235050132511	-0.12409215420484543
0.6132802803687635	0.44931816431343524	-0.12424787133932114
0.6136167933118157	0.44931816431343524	-0.1241929903626442
0.6137641152382377	0.44931816431343524	-0.12414000183343887
0.6130425856096267	0.44934649693845297	-0.12544184923171997
0.6131039985909067	0.44934649693845297	-0.12503370642662048
0.612218051767076	0.4494413683040425	-0.12631848454475403
0.6126382426056258	0.4494413683040425	-0.12623360753059387
0.6130590106293935	0.4494413683040425	-0.125730961561203
0.6130139849125948	0.4494413683040425	-0.1254538893699646
0.6121530459175951	0.4495083363268116	-0.1264965832233429
0.6121903840139987	0.4496924983894267	-0.12662439048290253
0.6100327600647357	0.4500608225146569	-0.12981167435646057
0.6104477483368886	0.4500608225146569	-0.1297445297241211
0.6103102042581526	0.4500608225146569	-0.1296861469745636
0.6102150477215438	0.4500608225146569	-0.1296393871307373
0.6106138241112424	0.4500608225146569	-0.1283339560031891
0.6103792186334566	0.4500608225146569	-0.12818469107151031
0.6102839143458343	0.4500608225146569	-0.1280069500207901
0.6107007749430651	0.4500608225146569	-0.1279481053352356
0.6111182054112422	0.4500608225146569	-0.12758076190948486
0.6115362069197314	0.4500608225146569	-0.12689150869846344
0.6119234653543192	0.4500608225146569	-0.12668541073799133
0.608009415861167	0.4501017474174603	-0.13098563253879547
0.6084213463597179	0.4501017474174603	-0.13094311952590942
0.6088338354080973	0.4501017474174603	-0.1307561993598938
0.6090618588563205	0.4501017474174603	-0.13063886761665344
0.6092233318621888	0.4501017474174603	-0.13043004274368286
0.6096372064082908	0.4501017474174603	-0.1299496740102768
0.6082746327651851	0.4501426723202636	-0.13119523227214813
0.6083704578951613	0.45020767069530415	-0.13137730956077576
0.6081846220001871	0.4502236847877055	-0.13188908994197845
0.6067137739624507	0.45024823972938754	-0.13333889842033386
0.6069543092112454	0.45024823972938754	-0.13306744396686554
0.6073638600271773	0.45024823972938754	-0.132206529378891
0.6077739639164597	0.45024823972938754	-0.13198009133338928
0.6062726861203025	0.45172004805202454	-0.13419102132320404
0.6065687171098335	0.45172004805202454	-0.1340639591217041
0.605905832151503	0.451883747663238	-0.13506478071212769
0.6063133007676101	0.451883747663238	-0.1342008262872696
0.6060026045946517	0.45204817807628717	-0.13543199002742767
0.6043960829268911	0.45435413894578397	-0.13705220818519592
0.6048006318445128	0.45435413894578397	-0.13670596480369568
0.6052057226896866	0.45435413894578397	-0.13667377829551697
0.6056113565520792	0.45435413894578397	-0.13576151430606842
0.605738470864935	0.45435413894578397	-0.1355270892381668
0.6061450067514216	0.45435413894578397	-0.13546264171600342
0.6039894081334015	0.4546303820397066	-0.13852925598621368
0.6043931443687848	0.4546303820397066	-0.13727331161499023
0.603961711599267	0.45467130694251007	-0.13959816098213196
0.6039226808013053	0.45487221101081743	-0.14028684794902802
0.6032305313999082	0.45495113760908096	-0.14052869379520416
0.60359849705332	0.45495113760908096	-0.14034369587898254
0.6032597113547213	0.4552124723455538	-0.14078888297080994
0.6033573429506264	0.45533524705396394	-0.14080524444580078
0.6024678890293064	0.45570357117919413	-0.14199793338775635
0.6028194465171258	0.45570357117919413	-0.1416226625442505
0.6032199909998615	0.45570357117919413	-0.1414165496826172
0.6036210681215369	0.45570357117919413	-0.14107993245124817
0.6024473059274492	0.45585090082928614	-0.142228364944458
0.6014873483279938	0.4558969413449399	-0.14411744475364685
0.6018854206961791	0.4558969413449399	-0.1434299349784851
0.6022840203125343	0.4558969413449399	-0.14283724129199982
0.6021585182274752	0.4558969413449399	-0.14227701723575592
0.6012035514692069	0.4561916006451241	-0.14498503506183624
0.601380480279072	0.4561916006451241	-0.14417368173599243
0.6014202714289006	0.4561916006451241	-0.14414288103580475
0.6007030567358177	0.4563297221920854	-0.14561299979686737
0.6010701255608757	0.4563297221920854	-0.14528973400592804
0.601466609812565	0.4563297221920854	-0.14504757523536682
0.6004386851577721	0.45638638744212073	-0.1468524932861328
0.6008337106085337	0.45638638744212073	-0.1462167203426361
0.6009659250328975	0.45638638744212073	-0.14592599868774414
0.6005369514618734	0.4564600522671668	-0.1470687985420227
0.5995627974067602	0.4564854539309758	-0.15055331587791443
0.5999556957012601	0.4564854539309758	-0.15035301446914673
0.600130530037239	0.4564854539309758	-0.1490250527858734
0.6005243164742714	0.4564854539309758	-0.1485646665096283
0.600799238427427	0.4564854539309758	-0.14739878475666046
0.5997874613611419	0.4566818934644319	-0.15306967496871948
0.5996941737345474	0.4566818934644319	-0.1530308872461319
0.5998248636388238	0.4566818934644319	-0.15102529525756836
0.5999555576353298	0.45692744288125203	-0.15312990546226501
0.5992478777405318	0.4570195239125596	-0.15687531232833862
0.5996387765518433	0.4570195239125596	-0.15580201148986816
0.6000301856749188	0.4570195239125596	-0.15530651807785034
0.598457532098916	0.45709728122788595	-0.1596955507993698
0.5983410147203072	0.45709728122788595	-0.15915285050868988
0.5987300530913868	0.45709728122788595	-0.15852172672748566
0.5987292268409583	0.45709728122788595	-0.15786178410053253
0.5989161024367607	0.45709728122788595	-0.15769177675247192
0.599306275793397	0.45709728122788595	-0.15702077746391296
0.5980145838659011	0.45724461087797813	-0.1611243635416031
0.5980145838659011	0.45724461087797813	-0.1605539321899414
0.598402653031291	0.45724461087797813	-0.15994830429553986
0.5978876219697017	0.45733669190928566	-0.1633097529411316
0.5982751058465453	0.45733669190928566	-0.16134251654148102
0.5982751058465453	0.45733669190928566	-0.16127198934555054
0.597985089053435	0.45737352432180867	-0.16489258408546448
0.5979406637121587	0.45737352432180867	-0.16464897990226746
0.5980040557275064	0.45737352432180867	-0.16394703090190887
0.5972446432366088	0.45754352007191484	-0.16549287736415863
0.5975987937762687	0.45754352007191484	-0.1653715819120407
0.5967187235669212	0.45763560110322243	-0.166685551404953
0.5968886496251365	0.45763560110322243	-0.16632385551929474
0.5958706322229841	0.45793026040340656	-0.16885262727737427
0.5962543222630503	0.45793026040340656	-0.16743914783000946
0.5964953223275096	0.45793026040340656	-0.167388454079628
0.5951126244529417	0.458245966796461	-0.17585043609142303
0.5954945966124109	0.458245966796461	-0.1745452880859375
0.595823537693515	0.458245966796461	-0.17355796694755554
0.5962064577048861	0.458245966796461	-0.17073902487754822
0.5961305224916509	0.458245966796461	-0.1692352294921875
0.5948913984116257	0.45838101897571215	-0.17631013691425323
0.5946361809039702	0.4584117126528147	-0.17963403463363647
0.5948536176395041	0.4584117126528147	-0.17948591709136963
0.5946581362927005	0.4584117126528147	-0.17639990150928497
0.5940377818087432	0.45844240632991723	-0.18131420016288757
0.5942843959062339	0.45844240632991723	-0.18080157041549683
0.593076811436579	0.45873706563010136	-0.18871141970157623
0.5934543269117136	0.45873706563010136	-0.1876457929611206
0.5938323232982816	0.45873706563010136	-0.18761342763900757
0.5939680020378265	0.45873706563010136	-0.18688179552555084
0.5937090530595344	0.45873706563010136	-0.18622566759586334
0.5939177591133907	0.45873706563010136	-0.18271537125110626
0.5942970169416879	0.45873706563010136	-0.1817515790462494
0.5932295492127371	0.45885984033851146	-0.18960897624492645
0.5922180460934771	0.4589416901441182	-0.19202905893325806
0.5925938189653638	0.4589416901441182	-0.19099640846252441
0.5929700690091513	0.4589416901441182	-0.190785214304924
0.5933467971343159	0.4589416901441182	-0.18978923559188843
0.5926641846601026	0.45910911020104095	-0.1947619765996933
0.5924060504298492	0.45910911020104095	-0.1942145675420761
0.5911441307663242	0.4593195811297439	-0.2032603919506073
0.5915175635716093	0.4593195811297439	-0.20068977773189545
0.5918914684790503	0.4593195811297439	-0.199840247631073
0.5922658463844767	0.4593195811297439	-0.19522520899772644
0.5926406981859859	0.4593195811297439	-0.1951856017112732
0.5884320798078202	0.4594774343262712	-0.22288775444030762
0.588801697948403	0.4594774343262712	-0.2225360870361328
0.5891717807252405	0.4594774343262712	-0.22082233428955078
0.5895423290150048	0.4594774343262712	-0.2171100527048111
0.589913343696575	0.4594774343262712	-0.21285228431224823
0.5902848256510438	0.4594774343262712	-0.21231171488761902
0.590656775761725	0.4594774343262712	-0.20857124030590057
0.59102919491416	0.4594774343262712	-0.2073974609375
0.5914020839961247	0.4594774343262712	-0.20666161179542542
0.5884811604771168	0.45977209362645527	-0.2271776795387268
0.5883702818299025	0.46003518228733403	-0.2372695952653885
0.5887391660191376	0.46003518228733403	-0.23165477812290192
0.5877169234026987	0.46019522788936856	-0.25122514367103577
0.588035040952159	0.46019522788936856	-0.25005903840065
0.5882105843042315	0.46019522788936856	-0.2456308901309967
0.5876204336589053	0.4603548350103017	-0.2610170841217041
0.5870197715871793	0.4604162223645067	-0.2743913233280182
0.587094898369277	0.4604162223645067	-0.272066593170166
0.5874616034900573	0.4604162223645067	-0.2643970251083374
0.586644313037805	0.4604425312305946	-0.28136807680130005
0.5867762608638883	0.4604425312305946	-0.2760884761810303
0.5856386688859042	0.4604641973556082	-0.3276962637901306
0.5859142018828107	0.4604641973556082	-0.3211131691932678
0.5862790301529744	0.4604641973556082	-0.28900280594825745
0.5812735548789488	0.4607588566557923	-0.7035948634147644
0.5816319232851628	0.4607588566557923	-0.6407935619354248
0.5819290435339506	0.4607588566557923	-0.5633120536804199
0.5822882589929222	0.4607588566557923	-0.5162054300308228
0.582586151679144	0.4607588566557923	-0.4717157781124115
0.5829462172858678	0.4607588566557923	-0.4696377217769623
0.5833067282427545	0.4607588566557923	-0.4227512776851654
0.5834614147495054	0.4607588566557923	-0.4207969009876251
0.5837194919929003	0.4607588566557923	-0.3558337688446045
0.5840811521490298	0.4607588566557923	-0.3535182476043701
0.5844432607368469	0.4607588566557923	-0.3492124080657959
0.584805818590902	0.4607588566557923	-0.34416618943214417
0.5851688265478175	0.4607588566557923	-0.3436049818992615
0.5855322854462944	0.4607588566557923	-0.3290192484855652
0.5858961961271187	0.4607588566557923	-0.32823657989501953
