Precision	Recall	Confidence
1.0	0.00036832412523020257	-2.249804492748808e-05
0.9230769230769231	0.0010714883643060439	-2.3978096578503028e-05
0.9264957264957264	0.001415257547854233	-2.483526805008296e-05
0.9091575091575091	0.0021519057983146383	-2.5192895918735303e-05
0.9119413919413919	0.002491897298527133	-3.00515785056632e-05
0.9099511599511599	0.0028602214237573357	-3.122199632343836e-05
0.8593232164660736	0.003173176562841821	-3.2067298889160156e-05
0.8394078144078144	0.003431003450502963	-3.311944965389557e-05
0.8572513905847239	0.0037993275757331655	-3.374815059942193e-05
0.8638339438339437	0.00413931907594566	-3.4059798053931445e-05
0.8202686202686202	0.004446255846970829	-3.5104298149235547e-05
0.825986975986976	0.004773655069397676	-3.519058373058215e-05
0.8393725932187471	0.005193135323132074	-3.5461256629787385e-05
0.8466442987451391	0.005539793323348735	-3.5579392715590075e-05
0.8333386003974239	0.0058098976818508835	-3.831727008218877e-05
0.8437549378725849	0.0063623838696961876	-4.211721898172982e-05
0.85294582388008	0.00673070799492639	-4.3693711631931365e-05
0.8611155003311867	0.007099032120156593	-4.444433216121979e-05
0.8684252108400716	0.007671980759403574	-4.867531970376149e-05
0.8694483947425125	0.007999379981830422	-5.1021575927734375e-05
0.8661413283262024	0.008294039282014583	-5.202823376748711e-05
0.8722258134022841	0.008662363407244786	-5.679660534951836e-05
0.8777812128195761	0.009030687532474988	-6.309648597380146e-05
0.8798974718092366	0.009609482586408164	-6.377696990966797e-05
0.8813682396035338	0.00994711303453585	-6.659134669462219e-05
0.8859309996187825	0.010315437159766053	-7.056395406834781e-05
0.8901557774106794	0.010683761284996256	-7.117421773727983e-05
0.8833644996460123	0.01133855972984995	-7.433639984810725e-05
0.8873864134513222	0.011970849478161797	-7.565996929770336e-05
0.8811401996696114	0.012228676365822937	-9.330511238658801e-05
0.8849743867770433	0.01294690841002183	-9.436193067813292e-05
0.8885689371902608	0.013315232535252033	-0.00010838716116268188
0.8838648279824751	0.01366718669936089	-0.0001247807522304356
0.8838648279824751	0.01366718669936089	-0.00011986274330411106
0.8669185773857054	0.013989470308937317	-0.000126857019495219
0.8671494751746853	0.014495915981128846	-0.00012804666766896844
0.870839767530944	0.014864240106359049	-0.00017031501920428127
0.8627475730416908	0.01584643777363959	-0.0002030652540270239
0.8663594790142778	0.016214761898869796	-0.00021017526159994304
0.8697861590395527	0.0165830860241	-0.0002298831968801096
0.867684362206421	0.016872483551066585	-0.00024457412655465305
0.8672530362989471	0.017185559057512255	-0.00027835395303554833
0.8541229514747868	0.017938949313664944	-0.000281897111563012
0.8414152620844966	0.018165610313806604	-0.00028473991551436484
0.8441103697643944	0.0185192014740276	-0.00028526081587187946
0.8380507742458205	0.018887525599257805	-0.0002903938293457031
0.8393974965448244	0.019483541001903044	-0.000297268241411075
0.8414847838523813	0.019851865127133245	-0.00030463695293292403
0.8401575545591604	0.020261114155166803	-0.00032928254222497344
0.8371402104315795	0.020672770530424087	-0.00039355159970000386
0.8343974062229479	0.021409418780884492	-0.00039526994805783033
0.8332872174299054	0.02160774715600845	-0.0004027310642413795
0.8364932324793303	0.02197607128123865	-0.0004973981413058937
0.8395782658287769	0.022344395406468855	-0.0005004862323403358
0.8297285258632868	0.022666679016045282	-0.0005085468292236328
0.8319585699817897	0.0230174638972169	-0.0005500141414813697
0.8319831193273531	0.023280552558095618	-0.0005559360142797232
0.832424518236397	0.023612044270802796	-0.0005719209439121187
0.835313750680597	0.023980368396033	-0.0005736631574109197
0.8338677549063496	0.02425661148995565	-0.0005818605422973633
0.8333032923245772	0.024551270790139818	-0.0006205770769156516
0.8287500507381997	0.025152866861349144	-0.0006282255053520203
0.8271133197145631	0.025921085751114997	-0.0006639480707235634
0.8227146955921099	0.027026058126805606	-0.0006714356131851673
0.8223597784734831	0.027762706377266015	-0.000694074435159564
0.8217960016618031	0.0280521039042326	-0.0007360329036600888
0.8209995587461814	0.028714343240505077	-0.0007722561131231487
0.8221786698096714	0.029045834953212262	-0.000803039176389575
0.8247936893712937	0.029179770998750524	-0.0008337696199305356
0.8262977145770928	0.02964456096630292	-0.0008505130535922945
0.8287791757974201	0.03001288509153312	-0.0008614813559688628
0.8233660105670965	0.030628203041917698	-0.0008776092436164618
0.8211896307907016	0.0309965271671479	-0.0009502229513600469
0.8145066678118336	0.03194202733916741	-0.000955417228396982
0.8049077021247302	0.03255590088121775	-0.0009638922638259828
0.8157848332345238	0.03255590088121775	-0.0009602347854524851
0.8037153075479009	0.03308207820297518	-0.0009709085570648313
0.8038293944628633	0.03381872645343558	-0.0009853099472820759
0.8058315817133394	0.03441786703047671	-0.0010023750364780426
0.807315699958448	0.034712526330660874	-0.0010040283668786287
0.8083353648200784	0.03500718563084503	-0.0010077476035803556
0.8065863685465794	0.035252735047665164	-0.0010378360748291016
0.8089450713691823	0.03562105917289537	-0.001040359027683735
0.8049057838891477	0.03618151774440367	-0.0010584151605144143
0.8067704586230681	0.036535675557125016	-0.0010677858954295516
0.8090437473451496	0.03690399968235522	-0.0010688018519431353
0.8066130060969501	0.03727232380758542	-0.001076817512512207
0.8028150459830825	0.03815825494213534	-0.0011073799105361104
0.8040227262456714	0.038493095055980975	-0.0011177195701748133
0.799615332758443	0.03922974330644138	-0.0011181278387084603
0.7947711219904201	0.039475292723261515	-0.0011185010662302375
0.795733559563893	0.03980028459846463	-0.0011507415911182761
0.7967461174913386	0.04012768382089148	-0.0011677742004394531
0.7950913973339816	0.04036446361568232	-0.0011687087826430798
0.796511397666295	0.040706478874824654	-0.0012150207767263055
0.7986533829540183	0.04107480300005485	-0.0012563595082610846
0.7992626483101519	0.041351046093977516	-0.001260621240362525
0.7966929302863359	0.04245601846966812	-0.0012909836368635297
0.798257288140557	0.04315583430760551	-0.0013127962592989206
0.7994533424691036	0.043493464755733194	-0.0013470336562022567
0.8014588090444126	0.04384132642956172	-0.0014353027800098062
0.8025994809020586	0.044178956877689406	-0.0015108585357666016
0.8031342198848115	0.04449466327074386	-0.0015719587681815028
0.8032803130721612	0.04477090636466651	-0.001663464354351163
0.7990989740294631	0.045139230489896716	-0.0017559200059622526
0.7995471156687429	0.04532339255251182	-0.0017785263480618596
0.8014381806152643	0.04566716173606001	-0.0018036989495158195
0.7907119591635413	0.046035485861290214	-0.001894243760034442
0.7981017905575931	0.046035485861290214	-0.0018560250755399466
0.7880448769693804	0.04621964792390531	-0.0018999917665496469
0.7837217417242042	0.046482736584784023	-0.0019319603452458978
0.7816161404474093	0.04747925796804575	-0.0019395980052649975
0.7799945677648432	0.04826194673415994	-0.0019874523859471083
0.7780083818160884	0.04846715588964533	-0.0020760928746312857
0.7765818575491457	0.048927561046183086	-0.0022917247842997313
0.7779811457443704	0.0492728649135864	-0.0023441726807504892
0.7792793378377072	0.04961488017272873	-0.0023465589620172977
0.7811658392237097	0.049983204297958946	-0.002420199802145362
0.7810263480637878	0.05032521955710128	-0.002503064926713705
0.7800653423377617	0.05057076897392141	-0.0025476287119090557
0.7818981311516137	0.050939093099151615	-0.002604550216346979
0.782949311134583	0.051640662861494845	-0.0026444243267178535
0.781085427892132	0.05178232598658338	-0.0027073384262621403
0.7801551940610307	0.051983230054890764	-0.0027556037530303
0.78135209917805	0.052282493406640304	-0.0027843143325299025
0.7831012823846256	0.05259819979969476	-0.002875583479180932
0.7848227007783984	0.052966523924924964	-0.0029164154548197985
0.7844172726882797	0.05370317217538537	-0.0029384188819676638
0.7789002828570107	0.05401887856843983	-0.003026410238817334
0.7849854413168311	0.05401887856843983	-0.0030174669809639454
0.7787910951608257	0.05495052194402211	-0.0031305598095059395
0.7792074481239746	0.05506562323315655	-0.003134507453069091
0.7808801189715201	0.056085091794061584	-0.00319795124232769
0.7825276368739899	0.05645341591929178	-0.00321420026011765
0.7841505649570198	0.056807007079512785	-0.003316290210932493
0.7857494496610419	0.057175331204742975	-0.0033744175452739
0.7860993311586322	0.05758272000992183	-0.003453024895861745
0.7876606499092992	0.057951044135152036	-0.003544083097949624
0.7829524642902662	0.0582457034353362	-0.0035857963375747204
0.7845139573529262	0.058614027560566405	-0.0037931567057967186
0.7853388576575481	0.058945519273273586	-0.0038265620823949575
0.7868612771067853	0.059392769996767396	-0.003840864636003971
0.7867973088016516	0.059607625736485016	-0.0038710706867277622
0.7853744837983767	0.05982248147620263	-0.004184535704553127
0.781814433721494	0.06285811987095703	-0.004186756443232298
0.7823339400899172	0.06327427829816519	-0.004263133741915226
0.783254027258251	0.06361190874629287	-0.004341840744018555
0.784110060467997	0.06394674886013851	-0.00444620568305254
0.7846474003542697	0.06466498090433741	-0.0044577838853001595
0.7860927198149793	0.06503330502956761	-0.004469363018870354
0.7864076572384351	0.06526350760783649	-0.0045097870752215385
0.7878221760646705	0.06578968492959392	-0.004637942649424076
0.7892180828010873	0.06615800905482412	-0.004703417420387268
0.7905957423906227	0.06659999800510036	-0.0047925603576004505
0.7919555102971771	0.06696832213033056	-0.004841485060751438
0.7876783029002047	0.06753497463068471	-0.004901326727122068
0.7927600984027866	0.06753497463068471	-0.004892485681921244
0.7840368053951388	0.06817954184983757	-0.005093828309327364
0.7890306703976556	0.06817954184983757	-0.004965742584317923
0.784655145871751	0.06878077681896334	-0.005182669498026371
0.7811190571031578	0.06895266141073744	-0.005208673421293497
0.7860010512100526	0.06895266141073744	-0.005182720720767975
0.7824701740346198	0.06932098553596763	-0.005301868077367544
0.783525850602171	0.06968930966119785	-0.0053498586639761925
0.782278420832774	0.07176624847846814	-0.00539153628051281
0.7796763769275485	0.07269933626238466	-0.0054089464247226715
0.7768129519224848	0.07293372434207661	-0.005414392799139023
0.7771513973201545	0.07379314730094708	-0.0055257766507565975
0.7784778770980106	0.07409241065269662	-0.005545823369175196
0.7768300790086733	0.07507062212814566	-0.005680534988641739
0.7777506863870537	0.07541439131169386	-0.005684115458279848
0.7763922294225362	0.0755843870618001	-0.005783206783235073
0.7776922746003122	0.0759527111870303	-0.005828040186315775
0.7747734017571153	0.07619826060385043	-0.005947571247816086
0.771296999854681	0.07650842828825483	-0.006044651847332716
0.7757297412331562	0.07650842828825483	-0.006044148467481136
0.7704412763053501	0.07672229390935624	-0.006140831392258406
0.7711328913706145	0.07705115473545464	-0.00622969726100564
0.7724186616438132	0.07741947886068483	-0.006350560579448938
0.7722934177240154	0.07817454331740675	-0.006365164183080196
0.7693256500594111	0.07835870538002185	-0.006378502584993839
0.7676535009798932	0.07879771797373059	-0.006417309399694204
0.767831228996487	0.07909237727391474	-0.0065244100987911224
0.7690999108052494	0.07946070139914495	-0.00658463267609477
0.769210637834626	0.07969090397741382	-0.006722944788634777
0.7704581479003847	0.0799719934414053	-0.006756671238690615
0.771692243879415	0.08055078849533848	-0.006842928938567638
0.7729131409709689	0.08106077574565722	-0.007018423173576593
0.7739240442794368	0.08141545823661964	-0.007124422583729029
0.774238379142156	0.08241519514795875	-0.007127461954951286
0.7744696604002594	0.08285467279738115	-0.0071624647825956345
0.7746033270997346	0.08310022221420128	-0.0071627297438681126
0.7717576967670948	0.08346854633943149	-0.007436911575496197
0.7757772681044234	0.08346854633943149	-0.007413950748741627
0.7712159904263709	0.08361587598952357	-0.007498388644307852
0.7705244398927158	0.08394736770223075	-0.007517337799072266
0.7706748254034673	0.08448902082756929	-0.007553577423095703
0.7718389125841604	0.08483567882778595	-0.0075711156241595745
0.7718433992515499	0.0853965360184774	-0.007580152712762356
0.7683237267499269	0.08554123478196068	-0.007602810859680176
0.7633126039201061	0.08590364996400537	-0.0076994579285383224
0.7671291669397067	0.08590364996400537	-0.0076711224392056465
0.7644843237026799	0.08610008949746148	-0.007917051203548908
0.7656444994479868	0.08661574327278378	-0.008039133623242378
0.7640972224899086	0.08755496979212078	-0.008099832572042942
0.7631573754115607	0.08804606862576105	-0.008165789768099785
0.7624867085406307	0.08816116991489549	-0.008294902741909027
0.7636341157457485	0.08843648289739078	-0.008378863334655762
0.7647704901892786	0.08880480702262099	-0.008444040082395077
0.7658959902362198	0.08959749448657917	-0.008484450168907642
0.76337564909654	0.08996581861180937	-0.008685281500220299
0.767010771235095	0.08996581861180937	-0.008489894680678844
0.7633125564121224	0.09009841529689225	-0.008708661422133446
0.7645900091559342	0.0903250762970339	-0.008835806511342525
0.7644237650674645	0.0903250762970339	-0.008822070434689522
0.764754706787767	0.09052598036534129	-0.008920371532440186
0.7658438053674532	0.09088672134681676	-0.009106852114200592
0.7660012071860365	0.09118138064700093	-0.009135416708886623
0.765545544156131	0.09183617909185463	-0.00923563726246357
0.7654745599362399	0.09211242218577727	-0.009250640869140625
0.7626011907244085	0.09260352101941753	-0.009341553784906864
0.7636753934813116	0.09297184514464774	-0.009433823637664318
0.7647399187359003	0.09334016926987794	-0.00959542766213417
0.7657948966787888	0.0939335803605266	-0.009608747437596321
0.7634322753749774	0.09404868164966104	-0.009670593775808811
0.7668404551757585	0.09404868164966104	-0.009667192585766315
0.7627091237140261	0.09472394254591641	-0.00977187417447567
0.7624958047297604	0.09485548687635578	-0.009822431951761246
0.7611451452991276	0.09500895526186838	-0.009867401793599129
0.7590123161612592	0.09528519835579102	-0.009891933761537075
0.7577099124364688	0.09591182771170213	-0.010002224706113338
0.756594285109904	0.09701680008739276	-0.010004657320678234
0.7569628669118349	0.09721323962084885	-0.01011650636792183
0.7580059447362477	0.09739740168346396	-0.010207737796008587
0.7563410520349457	0.09801127522551428	-0.010223086923360825
0.7573778986220311	0.09832698161856873	-0.010318517684936523
0.7578974837973614	0.09871986068548097	-0.010374091565608978
0.754389135533552	0.09900633500510443	-0.010419820435345173
0.7573846827533373	0.09900633500510443	-0.010395453311502934
0.752017214464374	0.09907133338014507	-0.0104278065264225
0.7530504760707724	0.09943965750537526	-0.01044484879821539
0.7525191462945451	0.09970055376074667	-0.010677251033484936
0.7535417944503527	0.10004054526095915	-0.010875401087105274
0.7526270134032319	0.1003700984256388	-0.010909478180110455
0.7517492860469135	0.10113744035320173	-0.011122029274702072
0.7499564318181505	0.10152622692983362	-0.01124072540551424
0.7509728690871825	0.1018945510550638	-0.011285435408353806
0.7509689303459388	0.10217079414898646	-0.011361639015376568
0.7507634104655118	0.1024286210366476	-0.011676311492919922
0.7498211037257227	0.10383773984908132	-0.011712090112268925
0.7508218193108198	0.10420606397431152	-0.01172912772744894
0.7493628295311567	0.10567936047523235	-0.01176395732909441
0.7482410193610596	0.1062420778887785	-0.011789281852543354
0.7481068086690622	0.10632214835078507	-0.011810624040663242
0.749098514146743	0.1067518598302203	-0.011880779638886452
0.7492109818472569	0.10703833414984379	-0.011939902789890766
0.749702345199416	0.10722249621245888	-0.011969948187470436
0.7502871609768502	0.10745927600724973	-0.01205146312713623
0.7503605858150437	0.10774260225742682	-0.012133637443184853
0.7501109862007551	0.10809619341764781	-0.012150891125202179
0.749423746143939	0.1087761764180728	-0.012347983196377754
0.7489905656466965	0.10926097911282025	-0.012493634596467018
0.7499486169228542	0.10962930323805044	-0.012510811910033226
0.7470669245021606	0.11034548903710917	-0.012742445804178715
0.7499074831504577	0.11034548903710917	-0.012659288942813873
0.7477069235291964	0.11117421831887712	-0.012765935622155666
0.7486553937414927	0.11145046141279978	-0.012768786400556564
0.749596759308004	0.11169601082961991	-0.012954055331647396
0.7505310997583472	0.11200294760064508	-0.012989924289286137
0.751086746227647	0.11233443931335227	-0.01304431539028883
0.7509333783503404	0.11332902214858645	-0.013076829724013805
0.7506224310747549	0.11347635179867853	-0.01309544313699007
0.7489441046629316	0.11440534709231469	-0.013122894801199436
0.7497416232050699	0.11476139374670388	-0.013143856078386307
0.7503742337885438	0.11497186467540685	-0.013158494606614113
0.7512819638474946	0.11529414828498327	-0.013239462859928608
0.7488618601137477	0.1153678131100293	-0.013322661630809307
0.7488659689220013	0.1160307965354437	-0.013607174158096313
0.7470819834817002	0.11631727085506718	-0.013624516315758228
0.7497693287460229	0.11631727085506718	-0.013615094125270844
0.747335911462772	0.11683029374378066	-0.013681258074939251
0.7468115843757158	0.1168952921188213	-0.013728301040828228
0.7472028300238264	0.11772665228719804	-0.013749290257692337
0.7464223104459106	0.11838889162347052	-0.013952299021184444
0.7473151896344813	0.1186137128427669	-0.014082079753279686
0.7460088205480445	0.11941732911599645	-0.014110129326581955
0.7468969015950794	0.11978565324122666	-0.01415463536977768
0.7471639138256355	0.1209675059700407	-0.014258787967264652
0.7480418169026298	0.12144632733283997	-0.014305906370282173
0.7485676237645584	0.12210521826797399	-0.0143773527815938
0.7494346319584738	0.12240657437043506	-0.014378883875906467
0.7489211108864515	0.12262756884557317	-0.014481018297374249
0.7488469725864044	0.12333588447101587	-0.014495618641376495
0.749704150154369	0.12356608704928475	-0.014597058296203613
0.7505554965824154	0.12393441117451495	-0.01466977596282959
0.7488625540379396	0.12430273529974514	-0.01473093032836914
0.7514010711702716	0.12430273529974514	-0.014703517779707909
0.7483613333172732	0.12476314045628291	-0.014810830354690552
0.7486464742569244	0.12507007722730806	-0.014828606508672237
0.7473748173284115	0.1257330606527224	-0.014843432232737541
0.7482169012706501	0.12590819516324855	-0.014874997548758984
0.7473048325306357	0.12761944074189743	-0.014891285449266434
0.7481415714957661	0.12784043521703556	-0.014970440417528152
0.7489727874314236	0.12908459723467822	-0.014991571195423603
0.7496254046472828	0.12943353587963316	-0.015078281983733177
0.7488069606976195	0.13010321610732445	-0.015100182965397835
0.7493944262789065	0.13042243034919063	-0.015260682441294193
0.749026247810127	0.13054111256732037	-0.015264356508851051
0.7482177210315227	0.13144613756074314	-0.015273618511855602
0.7490325504132977	0.13181446168597336	-0.01531021948903799
0.7498421228313193	0.13216805284619434	-0.015373784117400646
0.7483079914805024	0.13238383869733933	-0.015383762307465076
0.7478326453539623	0.13252196024430063	-0.015582304447889328
0.7465616145381351	0.13289028436953085	-0.015592259354889393
0.7473687431542556	0.13325860849476107	-0.015643496066331863
0.7481707471442421	0.1340789667736829	-0.015683693811297417
0.7489676751596085	0.13444729089891308	-0.015730582177639008
0.7489709317048464	0.13499140608391225	-0.015750834718346596
0.7491314004730701	0.13528606538409643	-0.015842914581298828
0.7495259728853803	0.13560834899367286	-0.016010111197829247
0.7478979899343992	0.13634499724413324	-0.01607283391058445
0.7466895849813325	0.13723511388010623	-0.016191698610782623
0.7474762632888439	0.13746177488024788	-0.016306621953845024
0.7473735061711871	0.13774510113042496	-0.016309266909956932
0.7469825066310675	0.13906395997181942	-0.01634671911597252
0.7477610219952796	0.13943228409704964	-0.016537753865122795
0.7480235137478504	0.13969537275792834	-0.016573501750826836
0.7487940840421994	0.13987953482054347	-0.016609767451882362
0.749414775713964	0.14023031970171507	-0.016614211723208427
0.7501764329306388	0.14059864382694529	-0.017003195360302925
0.749767972877469	0.14087134534274073	-0.017050597816705704
0.7492880366781688	0.1411107560241404	-0.017083846032619476
0.7485371690978129	0.14191931517524095	-0.017450343817472458
0.7482913117331549	0.14205325122077922	-0.01772243157029152
0.7486994676399878	0.14237907640848285	-0.017751498147845268
0.7484545936072317	0.1430017195725625	-0.01777273416519165
0.7487072089040355	0.14323192215083136	-0.01780509203672409
0.7488594130319166	0.14341608421344645	-0.01787685602903366
0.7496024325199879	0.14393173798876877	-0.017916735261678696
0.7499196609112058	0.14424744438182321	-0.01792791113257408
0.7458155523247151	0.1445368419087898	-0.017989296466112137
0.7480026947068991	0.1445368419087898	-0.017942339181900024
0.7502027026325075	0.1445368419087898	-0.017939001321792603
0.7434173998887188	0.1451589004314008	-0.018104732036590576
0.7455847975560328	0.1451589004314008	-0.018018294125795364
0.743798798729621	0.14548118404097723	-0.01814344711601734
0.7436722126061249	0.14566534610359236	-0.018287770450115204
0.7434502946062994	0.14591089552041248	-0.018305301666259766
0.7391898344652892	0.14601134755456618	-0.018486928194761276
0.741313943185017	0.14601134755456618	-0.018391219899058342
0.7395540539858645	0.14633056179643233	-0.018579112365841866
0.7381593130913179	0.1465607643747012	-0.018692588433623314
0.7378378377700358	0.14693829660306218	-0.018773365765810013
0.7355525015867775	0.14723909463866683	-0.01905536651611328
0.7376362197215843	0.14723909463866683	-0.018800271674990654
0.7326686236128193	0.1476688061181021	-0.01921919360756874
0.7347324788906019	0.1476688061181021	-0.019096996635198593
0.7326535090572449	0.14815990495174236	-0.019319601356983185
0.7322829685291521	0.1484300093102445	-0.019347134977579117
0.7314249168737571	0.14948587180257109	-0.019396886229515076
0.7318623167960214	0.150170306272737	-0.019436711445450783
0.7301866765295872	0.15072936967710426	-0.019614696502685547
0.7322093543039074	0.15072936967710426	-0.019456109032034874
0.7302412586879079	0.15146601792756467	-0.019681649282574654
0.728979662749892	0.1518343420527949	-0.019840974360704422
0.7309823541310729	0.1518343420527949	-0.019801218062639236
0.7286272592997557	0.1530397664626392	-0.019925741478800774
0.7281677844787755	0.15406932008887791	-0.020100926980376244
0.7269311027200831	0.15439160369845434	-0.020253930240869522
0.7289064589774746	0.15439160369845434	-0.020203828811645508
0.7267682258658845	0.15463715311527446	-0.02034062147140503
0.7267695857079516	0.15552726975124745	-0.020448623225092888
0.7255536629963808	0.15589559387647764	-0.020630111917853355
0.7275040760689516	0.15589559387647764	-0.02051289938390255
0.7252590933503599	0.1563223821485698	-0.02063392475247383
0.7257695135458702	0.15666001259669748	-0.02063680626451969
0.7264988499460139	0.1571668517775698	-0.020649781450629234
0.7261267227486816	0.15758837827644437	-0.020678240805864334
0.7258337542106814	0.15805492216840264	-0.020862789824604988
0.7254577636542768	0.15862787080764962	-0.02090989239513874
0.7242742583332571	0.15885588098041117	-0.020943451672792435
0.7261802432236077	0.15885588098041117	-0.020922061055898666
0.7246220818903504	0.15904004304302627	-0.021101506426930428
0.7250924208534614	0.15958662660065956	-0.021115634590387344
0.7255189741556368	0.15982571419072128	-0.021229395642876625
0.7262319118851027	0.1601940383159515	-0.02127688191831112
0.7259696530460221	0.16042424089422036	-0.021287616342306137
0.7258555665570612	0.161114848629027	-0.02131238579750061
0.7230876716133231	0.16129901069164213	-0.02170097455382347
0.724951299632945	0.16129901069164213	-0.02142789587378502
0.7237977032245709	0.16166733481687232	-0.02172022871673107
0.7234810850577563	0.16188832929201044	-0.021729469299316406
0.7223312028834439	0.16216457238593307	-0.021781228482723236
0.7211293423163104	0.16455867919992942	-0.021788816899061203
0.7218371358637311	0.16463234402497545	-0.02199104242026806
0.7217818519754685	0.1655860404206608	-0.022128358483314514
0.7213620886006707	0.1663349661419622	-0.022139597684144974
0.7212547414217728	0.16752550876896888	-0.022320417687296867
0.7220639473195606	0.16752550876896888	-0.022205432876944542
0.7216400678843751	0.16784779237854533	-0.022491009905934334
0.7192877483438045	0.16799512202863742	-0.022800495848059654
0.7210859677146639	0.16799512202863742	-0.02259770967066288
0.7199860375270288	0.1682240086800275	-0.023114046081900597
0.7206808612552495	0.16859233280525768	-0.023137325420975685
0.7202721352510424	0.1689401944790862	-0.023214127868413925
0.7201397760693524	0.17115013923046743	-0.023292694240808487
0.7208290869657333	0.17133430129308252	-0.02333204820752144
0.7203684094383811	0.1714816309431746	-0.023338358849287033
0.7196169993746799	0.17416732768964482	-0.023342978209257126
0.7203025323835438	0.17444357078356748	-0.023350084200501442
0.7205412623489055	0.17570639635578533	-0.023371154442429543
0.7202074231055586	0.1761751725151692	-0.023385249078273773
0.7208865313019044	0.17649745612474563	-0.023394903168082237
0.7215623508387036	0.17686578024997585	-0.02343098446726799
0.721631040812523	0.177172717021001	-0.02357175573706627
0.7223018093888784	0.17729549172941106	-0.02364601567387581
0.7214469172188731	0.17887217778123524	-0.02365531027317047
0.7210871609939563	0.17956936273256385	-0.023660046979784966
0.7208572874030618	0.17974610434576954	-0.023698020726442337
0.7206556319113209	0.18085107672146014	-0.023866675794124603
0.7196073866290819	0.18136106397177887	-0.023952841758728027
0.7213207375496273	0.18136106397177887	-0.02394898794591427
0.7199558683353321	0.18187527333876694	-0.024072401225566864
0.718918340654505	0.18224359746399713	-0.024281533434987068
0.7206179111997876	0.18224359746399713	-0.02417653799057007
0.7176771533957771	0.1827767659529667	-0.02437141351401806
0.7193658055214142	0.1827767659529667	-0.024321887642145157
0.7181254291702386	0.1832742426935374	-0.024498343467712402
0.7187840146161026	0.1836425668187676	-0.02461736463010311
0.7187840146161026	0.1836425668187676	-0.024559222161769867
0.7191481544421724	0.1837275646938207	-0.024627622216939926
0.719801298269051	0.1840222239940049	-0.02475965954363346
0.720268238717566	0.1847384097930636	-0.024938207119703293
0.7192508334579005	0.1849430343070804	-0.02496618777513504
0.7209157659427567	0.1849430343070804	-0.024965444579720497
0.7189760619522372	0.1853113584323106	-0.025048546493053436
0.7194868674893314	0.1855919863372479	-0.025099672377109528
0.7196891735448429	0.18591426994682433	-0.02536330185830593
0.7181567040401636	0.18610252449971978	-0.02541375160217285
0.7185827433112179	0.18643577013683282	-0.02547816000878811
0.7192237848982083	0.18680409426206301	-0.025516828522086143
0.7198619126598033	0.18717241838729323	-0.025662101805210114
0.7199932411521343	0.1874588927069167	-0.025666236877441406
0.7205324721299197	0.1879697231901229	-0.02570232003927231
0.7208977553557584	0.188294715065326	-0.025769198313355446
0.721526364014867	0.18876827465490773	-0.025827212259173393
0.7204963225108715	0.18898261631333396	-0.025949418544769287
0.7208027048755172	0.18929832270638838	-0.025957047939300537
0.7203087390927979	0.18980345293527554	-0.025957195088267326
0.7201890023239895	0.19038703141940652	-0.02598041296005249
0.7206097192655639	0.19110833283131565	-0.02599398046731949
0.7210083643338626	0.19143982454402286	-0.026121998205780983
0.7212574219147928	0.19173141447649675	-0.026221899315714836
0.7191138819241539	0.19234528801854708	-0.026488332077860832
0.7202439273856381	0.19234528801854708	-0.02642151713371277
0.719732573814189	0.19411249973051012	-0.02656799554824829
0.7189960525192465	0.1947110264340092	-0.026581410318613052
0.718972669363137	0.19540674978166628	-0.02667274884879589
0.7194881459171464	0.19564113786135826	-0.026708560064435005
0.718924936999289	0.19626766091882053	-0.026759261265397072
0.7195373009709682	0.19642972353392182	-0.026820803061127663
0.7199399631531225	0.19694036056958325	-0.026959838345646858
0.7191013370580687	0.19728428000190049	-0.027059538289904594
0.7184724844422967	0.19765260412713068	-0.02709394507110119
0.7190805352318382	0.19802092825236084	-0.027260785922408104
0.7174214074817372	0.1983750860650822	-0.02754649706184864
0.7186083789059076	0.1983750860650822	-0.027345918118953705
0.7179148560087134	0.19905357787471678	-0.027631865814328194
0.7185188927196156	0.19954467670835707	-0.0276544988155365
0.7191203480770523	0.20017082772124842	-0.027695879340171814
0.7161784647991829	0.20019916034626614	-0.027879338711500168
0.7177054977731684	0.20019916034626614	-0.027758292853832245
0.7154540943855966	0.20093580859672655	-0.027882790192961693
0.7151122816592955	0.20143567705239612	-0.02792741172015667
0.7155680280187431	0.20143567705239612	-0.027893973514437675
0.7147396007664732	0.20163400542752008	-0.027960510924458504
0.7150282581371793	0.20194944198605053	-0.02805338054895401
0.7148391231410928	0.2025633155281009	-0.02821154147386551
0.7141790830506503	0.20278654227066462	-0.028261881321668625
0.7145445847365044	0.20311394149309148	-0.028288401663303375
0.7151405250606453	0.20348226561832167	-0.02837332710623741
0.7157339823001023	0.20402949003294935	-0.028385305777192116
0.71617647179339	0.20469247345836378	-0.028440380468964577
0.7157279728892543	0.20502796869417128	-0.028505124151706696
0.7163165278108085	0.20537173787771945	-0.028592731803655624
0.7166443862244226	0.20631885705688285	-0.028665900230407715
0.7170700203210257	0.20640385493193597	-0.028786765411496162
0.7176521807730402	0.20677217905716616	-0.028897041454911232
0.7176159339952722	0.2069648486063695	-0.02889867313206196
0.7181945898682327	0.20737744245818984	-0.028952550143003464
0.7187708790505061	0.2082070088402424	-0.028980828821659088
0.719004679977614	0.20857752537097998	-0.028982602059841156
0.7192375285587865	0.2089458494962102	-0.02927868254482746
0.7195823483968558	0.20927324871863703	-0.029309051111340523
0.7199821137483159	0.2096108791667647	-0.029332822188735008
0.71851609654991	0.21019405903171254	-0.029490839689970016
0.7196813980756038	0.21019405903171254	-0.029440859332680702
0.7188595900828514	0.21064754306498212	-0.02959551103413105
0.717874950004311	0.21094889916744317	-0.02974245324730873
0.7193193664027101	0.21094889916744317	-0.0297238752245903
0.7165272597281034	0.21131722329267338	-0.029928361997008324
0.717963186100304	0.21131722329267338	-0.0298966933041811
0.7170930735809414	0.21170308666196216	-0.030106989666819572
0.7172139594458753	0.21198956098158567	-0.030257448554039
0.7177761583336568	0.21215698103850847	-0.030366625636816025
0.7180526795614528	0.21235788510681583	-0.030511772260069847
0.7183634663345985	0.21292358292089225	-0.03055165894329548
0.7185248033576526	0.2132919070461225	-0.03068283200263977
0.7190799812603001	0.2136602311713527	-0.030693162232637405
0.7196329734231736	0.21380054512382135	-0.030971849337220192
0.7201837927288256	0.2145108845081939	-0.03111620433628559
0.7197520598019063	0.215052209358911	-0.03114870749413967
0.718893653318305	0.21542053348414122	-0.031181320548057556
0.7203004902132528	0.21542053348414122	-0.03117320127785206
0.7171154864256453	0.21645797977020625	-0.03126559406518936
0.7185133723640968	0.21645797977020625	-0.031193170696496964
0.716801777822014	0.21664214183282138	-0.03134407475590706
0.7155848923783452	0.2168121375829276	-0.031413473188877106
0.7159415947141705	0.21695380070801615	-0.03151451423764229
0.7158464693704495	0.2180463686841258	-0.031563468277454376
0.7158011152720627	0.21861727107823264	-0.03158922865986824
0.7146248951785908	0.21884747365650153	-0.03159526735544205
0.7138025775725425	0.21917329884420517	-0.03189127519726753
0.7151726401014726	0.21917329884420517	-0.0317717045545578
0.713839921273806	0.21933536145930646	-0.031936030834913254
0.7141951885996194	0.22016105510267966	-0.03205955773591995
0.7138930178700116	0.22025798250405607	-0.03211721405386925
0.7133135461803176	0.22051297612921542	-0.03214940428733826
0.7135656150607228	0.22064452045965477	-0.03217113018035889
0.7127581836238203	0.22093099477927827	-0.0322456881403923
0.7141081044261381	0.22093099477927827	-0.03217623382806778
0.7129227908245301	0.22124670117233275	-0.03246784210205078
0.7113391211848389	0.22146155691205036	-0.032708197832107544
0.7126787428819854	0.22146155691205036	-0.03264385089278221
0.7105405755272954	0.22160027638778643	-0.03271510452032089
0.7108745611328415	0.22257019658422594	-0.03272639214992523
0.7114149825139017	0.22270524876347703	-0.0327724888920784
0.7114624211757473	0.2229766454873309	-0.03291226178407669
0.7114624211757473	0.2229766454873309	-0.03282700851559639
0.7119997351027944	0.22334496961256106	-0.03294317424297333
0.7114895125468412	0.22381374577194493	-0.033011939376592636
0.7112826674400752	0.22393652048035503	-0.03315211832523346
0.711648978998688	0.22417090856004696	-0.033201996237039566
0.711488814527341	0.22450574867389264	-0.03341168165206909
0.7120211229876227	0.2247440760490416	-0.03345049172639847
0.7107009761254277	0.22505978244209604	-0.03372429683804512
0.7120098177020859	0.22505978244209604	-0.03345732018351555
0.7110024422242801	0.22544749204760153	-0.03376942500472069
0.7115317417806458	0.22560257588980373	-0.03381273150444031
0.7117979412602843	0.22650195447746382	-0.033868126571178436
0.7119183424218125	0.2267884287970873	-0.034157928079366684
0.7110769611059258	0.22706467189100993	-0.034177668392658234
0.7116022757220968	0.2273102213078301	-0.034231286495923996
0.712125683570151	0.2275864644017527	-0.03434904292225838
0.7119678471868718	0.2278166669800216	-0.034434884786605835
0.7110734953915028	0.22827707213655934	-0.035253025591373444
0.7113173227394493	0.22854717649506148	-0.03526110574603081
0.7108974012021985	0.22958367836029267	-0.035281307995319366
0.7114173699050722	0.2299520024855229	-0.03533760830760002
0.7113370275294196	0.23022444540989953	-0.03536703437566757
0.7108168045976088	0.23059276953512972	-0.035369254648685455
0.7101202245740507	0.2309610936603599	-0.035566166043281555
0.7106378670301684	0.23126244976282098	-0.0356842502951622
0.7103897221182227	0.23147292069152398	-0.03583010658621788
0.7109050428973718	0.2318412448167542	-0.036004841327667236
0.7111965081852983	0.23216352842633062	-0.036017097532749176
0.7117085711140477	0.23249308159101026	-0.0361049585044384
0.7112657921590467	0.23285768527053105	-0.03614922985434532
0.7109906857339522	0.2330623097845478	-0.03616312891244888
0.7111476686515291	0.23330785920136793	-0.03621643781661987
0.7104091457607107	0.23344598074832926	-0.036443814635276794
0.7109180927804634	0.23429512618635992	-0.03654661402106285
0.7112790551907902	0.23463275663448765	-0.036570727825164795
0.7117846960748693	0.23500108075971785	-0.03664795681834221
0.7122885689838293	0.23587278118942934	-0.03667629882693291
0.7126880243094914	0.23621943918964597	-0.0368313267827034
0.7123966767853539	0.23685085197575487	-0.03687240183353424
0.7127387537111026	0.23715778874678	-0.03687442094087601
0.7127414394065448	0.2372741855482597	-0.037033963948488235
0.7117581521718211	0.23758989194131416	-0.03738781064748764
0.7129917018289648	0.23758989194131416	-0.03734878823161125
0.7116279371186118	0.2378242800210061	-0.037446193397045135
0.7118116507066519	0.23822112756334168	-0.037469424307346344
0.7100379068001446	0.23855261927604887	-0.03776184469461441
0.7112600030252739	0.23855261927604887	-0.037625398486852646
0.7102902309002179	0.23902617886563052	-0.03777221962809563
0.709996003687138	0.239312653185254	-0.037779390811920166
0.7094945860170174	0.23953890943360967	-0.03781615570187569
0.7087808054854433	0.24106791882742243	-0.03786008059978485
0.7099903290442922	0.24106791882742243	-0.03782295808196068
0.708000566020332	0.24202556155302102	-0.03796234726905823
0.70837504965794	0.2422886502138997	-0.03807825222611427
0.70837504965794	0.2422886502138997	-0.03797442838549614
0.7087280862969378	0.24262628066202743	-0.03816414624452591
0.7088825226991428	0.24292093996221156	-0.03825758025050163
0.7088112121315202	0.24316648937903168	-0.038406774401664734
0.7091336215545699	0.24349798109173887	-0.03895600512623787
0.7089017948708561	0.24370845202044183	-0.03897687792778015
0.7093910355517454	0.24407677614567203	-0.03903969004750252
0.7094591713981351	0.2442067728957533	-0.03929023817181587
0.7093015925773419	0.24434708684822196	-0.039309412240982056
0.7092651350646708	0.2446171912067241	-0.03944854810833931
0.7095650077755626	0.2452795555999952	-0.03945304825901985
0.7100490660959368	0.2458156718267192	-0.03956794738769531
0.7104205873392603	0.24605005990641116	-0.03957464545965195
0.7098445338115146	0.24620791310293838	-0.03962104767560959
0.709994045364066	0.24639207516555348	-0.039812445640563965
0.7088490612922388	0.24674758299677096	-0.04001018404960632
0.7100226524533187	0.24674758299677096	-0.03983287513256073
0.709329508385816	0.2470422422969551	-0.040074046701192856
0.709808372457668	0.2472386818304112	-0.04016703739762306
0.709808372457668	0.2472386818304112	-0.04009660705924034
0.7102856613187574	0.24778590624503896	-0.0401809960603714
0.7082984431235206	0.2481972015182127	-0.040463633835315704
0.7094595881122477	0.2481972015182127	-0.04041290283203125
0.71062454638501	0.2481972015182127	-0.04025845229625702
0.7085708312883515	0.24870364719040422	-0.04049016535282135
0.7085664455161701	0.2489636406905667	-0.04067930951714516
0.7090410929990428	0.2493319648157969	-0.040775708854198456
0.7092431942028383	0.24982306364943713	-0.040984202176332474
0.7091307864200416	0.2501966495478849	-0.04132259264588356
0.7096022114015326	0.2516522119242576	-0.041424550116062164
0.7097125278519796	0.25202053604948776	-0.041665248572826385
0.7101814898425256	0.25242978507752134	-0.04186028614640236
0.7101113046438549	0.25275718429994826	-0.04190690815448761
0.7098736052804991	0.25353401336407017	-0.04194856062531471
0.7096780452947068	0.2540601906858276	-0.04205099493265152
0.7089058035343163	0.25442851481105777	-0.04214462265372276
0.7086854874572237	0.25463898573976074	-0.0422859787940979
0.7085515906772922	0.2548691883180296	-0.042421095073223114
0.7083515615122059	0.25496126934933716	-0.042468007653951645
0.70768802150739	0.255288668571764	-0.04270223155617714
0.7088167105369074	0.255288668571764	-0.04261472448706627
0.7078877755802452	0.25574140030902615	-0.042754754424095154
0.7077165251428164	0.25589925350555337	-0.04298106208443642
0.7081797319175502	0.25631857635581545	-0.04302779957652092
0.7075219760505121	0.2566869004810457	-0.043095920234918594
0.7086414728480604	0.2566869004810457	-0.04305344447493553
0.7076678404415997	0.2572678480785679	-0.04313398897647858
0.7081282060472035	0.2576645048288158	-0.043244753032922745
0.708354186622368	0.25797826241697486	-0.04328306391835213
0.7086376005976688	0.2582461345080514	-0.04332125931978226
0.709094281474475	0.2586144586332816	-0.04334857687354088
0.7087670603767058	0.25901068610133227	-0.04369693994522095
0.7088615349217903	0.2591948481639474	-0.04375126585364342
0.7089257134944552	0.2595419228204143	-0.043928977102041245
0.7089257134944552	0.2595419228204143	-0.04378068447113037
0.7093791002335603	0.25991024694564446	-0.044009797275066376
0.7089120890498238	0.26021160304810553	-0.04419255629181862
0.7086394512303883	0.2613969636257314	-0.04452292621135712
0.7090911730114264	0.26171267001878584	-0.04458582028746605
0.708904089607566	0.2628849535474023	-0.04464619234204292
0.708580825956514	0.2634357088887945	-0.04482178017497063
0.7091608066251742	0.2634357088887945	-0.04480990022420883
0.7090298539596627	0.2639740573829441	-0.04489843174815178
0.7094106107060792	0.26415412695527885	-0.044907309114933014
0.7089707740123324	0.2645224510805091	-0.04512312635779381
0.7070181179554142	0.2645559350918936	-0.04524977132678032
0.7081025015719102	0.2645559350918936	-0.0451873354613781
0.7061678990565319	0.2648716414849481	-0.04594457149505615
0.7072476664862819	0.2648716414849481	-0.045685406774282455
0.7052086843886456	0.2648979503510359	-0.046269431710243225
0.7045158248994695	0.26552936313714487	-0.046311043202877045
0.703790802339428	0.265572695387172	-0.04632103815674782
0.7039643850645304	0.26584893848109464	-0.04644962400197983
0.7044129238750387	0.2660146843374482	-0.046567268669605255
0.7048601055333216	0.2661374590458583	-0.04666267707943916
0.7053059361896156	0.2665057831710885	-0.04669259488582611
0.7043863399962734	0.2668004424712726	-0.04691009595990181
0.7054487628318635	0.2668004424712726	-0.04678709805011749
0.7048308718158279	0.2671687665965028	-0.046994104981422424
0.7047735682044929	0.26800056524598104	-0.04711950942873955
0.7050912490117824	0.26835314902397917	-0.0471646822988987
0.7051584776809265	0.2692102109307648	-0.04716796800494194
0.7053856591150998	0.26936806412729203	-0.047251634299755096
0.7054522476835847	0.2695259173238193	-0.04770844429731369
0.7047734812935943	0.2695750272071833	-0.047711219638586044
0.7047840603486901	0.26971669033227186	-0.047956060618162155
0.7052128064702406	0.26971669033227186	-0.04784829169511795
0.7046285943837811	0.2698016882073249	-0.047969281673431396
0.7047968213820004	0.2703431647066443	-0.04801572114229202
0.7037743659338229	0.27056982570678595	-0.048129647970199585
0.7044938675042164	0.27056982570678595	-0.048063408583402634
0.7038835155088139	0.27075398776940107	-0.048161301761865616
0.7032800311664722	0.27091768738061445	-0.04822050780057907
0.7029810899441686	0.27140878621425474	-0.04826992750167847
0.7027319742956946	0.27158211521436304	-0.04846714064478874
0.7030049316484706	0.2719095144367899	-0.04882078245282173
0.7028457859624189	0.27227783856202015	-0.049068059772253036
0.7024113499769838	0.27227783856202015	-0.04901536554098129
0.7034397706943734	0.27227783856202015	-0.048864834010601044
0.7032789553706369	0.2725847753330453	-0.049474235624074936
0.70334696271362	0.27286101842696797	-0.04960554465651512
0.701657166366736	0.27312889051804445	-0.0500270240008831
0.701657166366736	0.27312889051804445	-0.05000842735171318
0.7026770168992459	0.27312889051804445	-0.04964979365468025
0.7020895472850451	0.27397669372772615	-0.05037176236510277
0.7023891151024199	0.2743115338415718	-0.050523996353149414
0.7022686794144793	0.2753375796189988	-0.050524186342954636
0.7021571805985855	0.27542966065030633	-0.05054044350981712
0.7022981644882128	0.27616630890076677	-0.05057700350880623
0.702630589191587	0.2770625642721602	-0.05061882361769676
0.7026268096094153	0.2775700330669218	-0.05071365088224411
0.7027925987178405	0.27787138916938287	-0.051181208342313766
0.7032183972870126	0.27815471541955994	-0.051260191947221756
0.7033747372050569	0.27845397877130945	-0.05129724740982056
0.7036397574217482	0.2788223028965397	-0.051325663924217224
0.7036549442361049	0.27906785231335984	-0.051360517740249634
0.7036319314950278	0.27935724984032645	-0.05149596929550171
0.7036978889182213	0.27948002454873655	-0.051504310220479965
0.7025881076730631	0.27960752136131617	-0.05202856287360191
0.7035861021441897	0.27960752136131617	-0.05171762406826019
0.7030093709766424	0.28006792651785395	-0.05227935314178467
0.7022769463857068	0.28112094552667405	-0.052315615117549896
0.7023443518286648	0.2812130265579816	-0.052526041865348816
0.7012461987249221	0.28201022506236245	-0.052762169390916824
0.7022352624748868	0.28201022506236245	-0.052704960107803345
0.7014905781922569	0.28306123666586025	-0.052858177572488785
0.7016757506011629	0.28349445599410716	-0.05293172597885132
0.7016710566218879	0.283837667110799	-0.05334270000457764
0.7020941576830687	0.283837667110799	-0.05304799973964691
0.7020882998993399	0.2841036789790208	-0.0534462109208107
0.7009540355912651	0.2856061666693538	-0.05365249514579773
0.7019330216744931	0.2856061666693538	-0.05360911041498184
0.7013705341489375	0.285974490794584	-0.05366873741149902
0.7008859314261582	0.28608782129465476	-0.05382806435227394
0.7003465065213996	0.286456145419885	-0.0538790188729763
0.7002286675600448	0.286748758474929	-0.054080843925476074
0.7002064817688478	0.2878537308506196	-0.054370347410440445
0.7006211339379088	0.28819750003416783	-0.05438927561044693
0.701034640658989	0.288565824159398	-0.054571732878685
0.7009297652925629	0.28882365104705915	-0.05461205914616585
0.7010662256709478	0.2889464257554692	-0.054625172168016434
0.7008879070268731	0.28915689668417216	-0.05494023859500885
0.7009921621211446	0.2893341603685221	-0.0551399290561676
0.7008866873743635	0.2893341603685221	-0.05512633174657822
0.7014017618990608	0.28958738320461785	-0.05523045361042023
0.7018102410209499	0.28987385752424133	-0.05540287494659424
0.7012595991627755	0.289974309558395	-0.05550398677587509
0.7022176040796645	0.289974309558395	-0.05549873784184456
0.7016666024336708	0.29034263368362523	-0.05574461817741394
0.7020724982126727	0.2908245244141347	-0.055753547698259354
0.7017979431879272	0.2910059782111231	-0.05579683184623718
0.702127178603472	0.29225513009636106	-0.05591146647930145
0.7015801497033273	0.29262345422159125	-0.0562899112701416
0.7025308003126813	0.29262345422159125	-0.056193895637989044
0.7011518189396949	0.29269042224436037	-0.05649841949343681
0.7006554377175541	0.2928482754408876	-0.056552909314632416
0.7009003130591429	0.2931732673160907	-0.05691744387149811
0.700149245535318	0.293190009321783	-0.0573795847594738
0.700440263574473	0.29338294100642737	-0.05744832381606102
0.7005731315005467	0.29365918410035	-0.057763852179050446
0.700171216240816	0.29365918410035	-0.057688578963279724
0.7007508560009922	0.29396612087137525	-0.057781536132097244
0.7009838094020604	0.2941809766110928	-0.05795197933912277
0.7006885933177289	0.29454930073632307	-0.057953450828790665
0.7007896461793014	0.29454930073632307	-0.057952821254730225
0.7007542543119797	0.2946497527704767	-0.05799778923392296
0.6988930212327977	0.29466816897673825	-0.058336060494184494
0.6998224002503945	0.29466816897673825	-0.05815338343381882
0.6979688013090023	0.29502114626341713	-0.058544423431158066
0.6988944893743989	0.29502114626341713	-0.058512069284915924
0.6973136657705373	0.295257926058208	-0.05865149199962616
0.6982360383443078	0.295257926058208	-0.058594029396772385
0.6977129881112095	0.2956262501834382	-0.05888277664780617
0.697496414125995	0.2959185844746515	-0.05921796336770058
0.6975654977916186	0.2962255212456767	-0.05932212248444557
0.6975248948597856	0.29674731375641944	-0.05934211611747742
0.69726567583766	0.2969130596127731	-0.05942009761929512
0.6970071362887247	0.2970875289352505	-0.05947339907288551
0.6962544141261159	0.2973085234103886	-0.05961570888757706
0.6971657418932966	0.2973085234103886	-0.05958306044340134
0.6946833465534272	0.2977505123606649	-0.05990159511566162
0.6955902438726875	0.2977505123606649	-0.059836484491825104
0.6931367058601804	0.29787328706907495	-0.06008147448301315
0.6940392276126025	0.29787328706907495	-0.060048025101423264
0.692929169012743	0.2982006862915018	-0.06009761616587639
0.6931653179504697	0.29843507437119376	-0.06059175357222557
0.693562772201829	0.2988147005226756	-0.06072012707591057
0.6934932732211179	0.2990449031009445	-0.06082151085138321
0.6939591981110116	0.2990449031009445	-0.06073962524533272
0.6938887657718004	0.2994132272261747	-0.06084820628166199
0.6938536857471804	0.30015893741939875	-0.06090449541807175
0.6933566955566336	0.3003694083481017	-0.06139710918068886
0.6937508386214708	0.3007377324733319	-0.06162738800048828
0.6933046293885212	0.30101397556725457	-0.06188994646072388
0.6936978285816129	0.30132563444244936	-0.06221858784556389
0.6936960486376001	0.30198452537758336	-0.062487341463565826
0.6937680485754039	0.30277498721776896	-0.06270834803581238
0.6940098701134851	0.3032609274502155	-0.06320945918560028
0.6936332685569392	0.3032609274502155	-0.06274588406085968
0.6914387540215384	0.3034911300284844	-0.06482487916946411
0.6923173293125442	0.3034911300284844	-0.06406813114881516
0.6931981401640869	0.3034911300284844	-0.0640520304441452
0.69408119511971	0.3034911300284844	-0.06375386565923691
0.6907593569811723	0.30385945415371457	-0.06504043936729431
0.6916348441256351	0.30385945415371457	-0.0649820864200592
0.6904479601258794	0.30439966287071885	-0.06511785835027695
0.690838808661074	0.30473115458342603	-0.06531886756420135
0.6905981544256882	0.30485392929183613	-0.06564860790967941
0.6909878292941697	0.30489485419463946	-0.06566473841667175
0.6911968293291993	0.3051158486697776	-0.06568361818790436
0.6913335167295396	0.3053122882032337	-0.06575070321559906
0.6908539841061575	0.3059787794774598	-0.0662464052438736
0.6917208021539695	0.3059787794774598	-0.0661822184920311
0.691196201540675	0.3063607452369577	-0.06645224988460541
0.6908877618443047	0.3069851423254432	-0.06664342433214188
0.6912736697571085	0.3072798016256274	-0.06678719818592072
0.6910351739095308	0.30740871506945794	-0.06688407063484192
0.6914199370802537	0.30803486608234926	-0.06697750091552734
0.6918037431286616	0.3082558605574874	-0.0670972615480423
0.6921865956216694	0.3085990716741792	-0.06711035966873169
0.6916822875448612	0.3086727364992252	-0.0671432614326477
0.691778382317706	0.30921475893351286	-0.06743191182613373
0.6920051417455307	0.30951808468370245	-0.06746719777584076
0.6916706836858064	0.3097390791588406	-0.06748254597187042
0.6914340532121203	0.31006647838126744	-0.06768430769443512
0.6917151406563159	0.3109860662621812	-0.0681910440325737
0.6913350113599611	0.3109860662621812	-0.06771693378686905
0.6920943348252504	0.31109656349975023	-0.06890401989221573
0.6915695901252256	0.31177386540778235	-0.06912056356668472
0.6924191842162886	0.31177386540778235	-0.06897525489330292
0.6898766413121895	0.31184292618126297	-0.0691622719168663
0.6907220783726211	0.31184292618126297	-0.06913624703884125
0.690052016241311	0.3120103462381858	-0.06928230077028275
0.6904304631079272	0.31233113296400206	-0.0693143904209137
0.6904014828683644	0.3127362895017553	-0.06965429335832596
0.6898650620609731	0.3129572839768935	-0.06970793753862381
0.6883788476186572	0.3131360295082552	-0.07094212621450424
0.6892142588414953	0.3131360295082552	-0.07060141116380692
0.6900517002252639	0.3131360295082552	-0.07045241445302963
0.6901612521720101	0.3131360295082552	-0.06984031945466995
0.6874396001032556	0.3134076685506125	-0.07121209055185318
0.6882718514350996	0.3134076685506125	-0.07099166512489319
0.6868394027486334	0.31359183061322754	-0.07166628539562225
0.6866810386386297	0.3138046932570294	-0.07212500274181366
0.6866810386386297	0.3138046932570294	-0.07184770703315735
0.6865766036523181	0.3140279199995932	-0.07238207012414932
0.6866863523576436	0.3141097698051999	-0.07243893295526505
0.6861614889533676	0.314194767680253	-0.07255052030086517
0.6865382458693899	0.3143498515224552	-0.07350663840770721
0.686742807753411	0.3145077047189825	-0.0735216736793518
0.6853049404758054	0.314847696219195	-0.0742487832903862
0.6861256649554172	0.314847696219195	-0.07388947904109955
0.6856809202362881	0.3152160203444252	-0.07426389306783676
0.6859565595518377	0.31546924318052094	-0.07428497076034546
0.6855362696516965	0.3157639024807051	-0.0747990757226944
0.6849582502830633	0.3161453810389792	-0.07480829209089279
0.6851346772545858	0.31632954310159433	-0.07505474984645844
0.6851127437503245	0.31658736998925546	-0.07542604207992554
0.6853950262880785	0.3169673119898236	-0.07569736987352371
0.6852102119971043	0.317222305614983	-0.07578887790441513
0.6846246086590496	0.3174801325026441	-0.07622817903757095
0.685434815296516	0.3174801325026441	-0.07589365541934967
0.6831691410409162	0.31770112697778224	-0.07644138485193253
0.6839747650279928	0.31770112697778224	-0.0764191597700119
0.6847822913149207	0.31770112697778224	-0.07622919976711273
0.6829523136610529	0.31794667639460233	-0.07688597589731216
0.683541883227927	0.31794667639460233	-0.07680771499872208
0.682569908195656	0.31806945110301243	-0.0773671567440033
0.6821423440078441	0.318337323194089	-0.0781472772359848
0.6829420419492367	0.318337323194089	-0.0776788741350174
0.6821242438004277	0.31858133792705395	-0.07834868878126144
0.68207078514688	0.3188539934483283	-0.07884804904460907
0.6818052946794336	0.31911708210920703	-0.0792885348200798
0.682176150979341	0.3194854062344372	-0.07947696000337601
0.6820804860771533	0.31970640070957534	-0.07963060587644577
0.6804800512841548	0.3200221071026298	-0.08080366253852844
0.6812703881613722	0.3200221071026298	-0.0796792209148407
0.6820625630313273	0.3200221071026298	-0.07963308691978455
0.6796934292688195	0.32003263064906495	-0.08109644055366516
0.6798570815177272	0.32003263064906495	-0.08087704330682755
0.679124419524	0.32014312788663396	-0.08115170896053314
0.6791100341280909	0.32017661189801855	-0.08201227337121964
0.6791252563405241	0.3203641843692006	-0.08228942006826401
0.6798637482706954	0.3208377439587823	-0.08359918743371964
0.6794949277041872	0.3208377439587823	-0.08281046897172928
0.6789688721404743	0.3211324032589664	-0.08443675935268402
0.6797484001222659	0.3211324032589664	-0.08412199467420578
0.6802317209738326	0.3211324032589664	-0.08374881744384766
0.6781779441340507	0.32129610287017984	-0.08462528884410858
0.6789547802670793	0.32129610287017984	-0.08461257815361023
0.6781848385136869	0.32154811411375844	-0.08569078147411346
0.6780629706288865	0.3216614446138293	-0.08578689396381378
0.67782192581251	0.32212184977036706	-0.08613184094429016
0.6781888712273021	0.3224492489927939	-0.08616431057453156
0.6774998056108764	0.32254133002410146	-0.0870329812169075
0.678270567619535	0.32254133002410146	-0.08645326644182205
0.6770551001399383	0.3226231798297082	-0.0875844955444336
0.6774212508200517	0.3228810067173693	-0.08762738853693008
0.6766540693355443	0.32293362444954504	-0.08830677717924118
0.6769444304939127	0.32311778651216017	-0.08890505135059357
0.677560808754649	0.323286601736224	-0.08979013562202454
0.6773094650357275	0.323286601736224	-0.08950541913509369
0.6775094598717823	0.3234424311738214	-0.08999534696340561
0.677924325317496	0.3234424311738214	-0.0899394154548645
0.6769701127709469	0.3238670270404062	-0.0902298241853714
0.6777316089607904	0.3238670270404062	-0.09009025990962982
0.6759934517789601	0.32567795398945476	-0.09130672365427017
0.6767521425216974	0.32567795398945476	-0.09033901244401932
0.6760488741763833	0.32581607553641606	-0.0918608233332634
0.6760154660254708	0.32581607553641606	-0.09183569997549057
0.6764108307415493	0.3269078934790628	-0.09257650375366211
0.6767719793679537	0.3274340708008202	-0.09329076111316681
0.6767432345279774	0.3275721923477815	-0.09389454871416092
0.6769730617289069	0.3275721923477815	-0.09360150992870331
0.6764960734823906	0.3285542305673888	-0.09402185678482056
0.6764851519192618	0.3287015602174809	-0.09417819231748581
0.6763017036888423	0.32881205745505	-0.09461985528469086
0.6759424380991517	0.32881205745505	-0.09440774470567703
0.676501970746931	0.3293733132649246	-0.09644142538309097
0.6768598225492021	0.32956975279838063	-0.09647893905639648
0.6771248024874534	0.3299217069624895	-0.09703084081411362
0.6771132592911834	0.3301672563793096	-0.09706873446702957
0.6771542432547936	0.33074532063140705	-0.09788454324007034
0.6773645249478023	0.3310466767338681	-0.09962611645460129
0.6773095599672683	0.3310466767338681	-0.09958997368812561
0.6761518695692121	0.3311883398589566	-0.10007300227880478
0.6766201683269806	0.3311883398589566	-0.099846750497818
0.6760398172809994	0.33137250192157175	-0.10174622386693954
0.6759587205894214	0.33137250192157175	-0.10153008997440338
0.6749264333452303	0.33141342682437513	-0.10250899940729141
0.6756648648915599	0.33141342682437513	-0.10194724798202515
0.6746262953175609	0.3316958086537183	-0.10277227312326431
0.6745962326438552	0.33174184916937205	-0.10295536369085312
0.6749507029786658	0.3318199785292694	-0.10341663658618927
0.6750532928222479	0.33210330477944644	-0.10414636135101318
0.6744837051015682	0.33247162890467663	-0.10581719130277634
0.6752160435435894	0.33247162890467663	-0.10569685697555542
0.6754064957648325	0.33247162890467663	-0.10423950850963593
0.6728537896152873	0.3325879417863282	-0.1081530898809433
0.6731128634900694	0.3325879417863282	-0.10703422874212265
0.6738397672303394	0.3325879417863282	-0.10702954232692719
0.673487161573291	0.3325879417863282	-0.10645896196365356
0.6734876055543477	0.3325879417863282	-0.10631896555423737
0.6742172779330632	0.3325879417863282	-0.10602984577417374
0.6721295121237746	0.33268839382048193	-0.10866141319274902
0.6715449159645397	0.3328988647491849	-0.10934554040431976
0.6722670072720285	0.3328988647491849	-0.10890103131532669
0.670324608631742	0.33365286673246863	-0.11026618629693985
0.6710423009322043	0.33365286673246863	-0.11021316796541214
0.6715471694219494	0.33365286673246863	-0.10970544070005417
0.6717363913765949	0.33365286673246863	-0.10968354344367981
0.6693408788537276	0.3339054318469122	-0.1123925969004631
0.6700552234416184	0.3339054318469122	-0.111077219247818
0.6701426378960244	0.3339054318469122	-0.11060735583305359
0.6686805245561119	0.3340282065553223	-0.11333548277616501
0.6689830433419913	0.3340282065553223	-0.1131797581911087
0.6680569990262687	0.33430444964924494	-0.1136820986866951
0.6687669427021733	0.33430444964924494	-0.11350949108600616
0.6682322655525752	0.3344579180347575	-0.1137155294418335
0.6684071607514954	0.3345193053889625	-0.11410621553659439
0.6679336666366814	0.33468672544588535	-0.11610906571149826
0.6686404747495245	0.33468672544588535	-0.1159927099943161
0.6682843174638866	0.33525372137199727	-0.11614514142274857
0.6682122875931441	0.33537542847424723	-0.11640266329050064
0.6680350354460491	0.3355135500212086	-0.11676207184791565
0.6683844722508429	0.335677249632422	-0.1174502819776535
0.6677599857610885	0.33580002434083206	-0.12419619411230087
0.6677599857610885	0.33580002434083206	-0.12325680255889893
0.6674113603526531	0.33580002434083206	-0.1230010986328125
0.6680307233595595	0.33580002434083206	-0.11898322403430939
0.6687331741727662	0.33580002434083206	-0.11778135597705841
0.666721244615871	0.3360762674347547	-0.12657301127910614
0.6674179230323974	0.3360762674347547	-0.12630127370357513
0.668116058935151	0.3360762674347547	-0.12493479996919632
0.6678461009592445	0.3360762674347547	-0.12437932938337326
0.6669384278853018	0.33641389788288234	-0.12660418450832367
0.6672853670229213	0.33656122753297446	-0.1281525194644928
0.6672153510322627	0.3367249271441879	-0.12847447395324707
0.6673014057609193	0.33695209848353797	-0.13188976049423218
0.6669543074087183	0.33717309295867604	-0.1361904740333557
0.6676468871671905	0.33717309295867604	-0.13467589020729065
0.6668849247067403	0.3372467577837221	-0.13717202842235565
0.6665397645729106	0.33759461945755065	-0.13896819949150085
0.6672297643291972	0.33759461945755065	-0.1380612850189209
0.6657832325510883	0.3377524726540779	-0.1430903673171997
0.666471025146699	0.3377524726540779	-0.14141754806041718
0.6655092292185614	0.337875247362488	-0.14319275319576263
0.6651671325183707	0.33794891218753403	-0.14433832466602325
0.6636317101389506	0.3380962418376261	-0.1492726355791092
0.6643137571175107	0.3380962418376261	-0.14912371337413788
0.6649972074849155	0.3380962418376261	-0.14900250732898712
0.6633356776157312	0.3382573836424143	-0.1519608348608017
0.6623802057575597	0.33842480369933714	-0.15513843297958374
0.6630581793560834	0.33842480369933714	-0.15405012667179108
0.6632252471628007	0.33842480369933714	-0.1531122624874115
0.6619079072838543	0.33856292524629844	-0.1554611772298813
0.6611409478107257	0.3387470873089135	-0.15905550122261047
0.6618155814309408	0.3387470873089135	-0.1588263064622879
0.6609768531591873	0.33896808178405163	-0.16145314276218414
0.6613271712083219	0.3393186790797253	-0.16773806512355804
0.6609826413723181	0.3393186790797253	-0.16353915631771088
0.6601332239357085	0.3393712968119011	-0.17493656277656555
0.6600420811607954	0.3393712968119011	-0.17064344882965088
0.6607121746442074	0.3393712968119011	-0.16905899345874786
0.6601043228460655	0.33987993488959994	-0.1832788735628128
0.6591748191635483	0.3400129408237108	-0.18459849059581757
0.6598413255529957	0.3400129408237108	-0.18459317088127136
0.6590862760275895	0.34014929158160856	-0.18489401042461395
0.6569680861737506	0.34065219567567284	-0.19595754146575928
0.6570540555353035	0.34065219567567284	-0.1941767781972885
0.6577007037659368	0.34065219567567284	-0.19380149245262146
0.6583630408291452	0.34065219567567284	-0.19250546395778656
0.6590267132493359	0.34065219567567284	-0.18855033814907074
0.6560690185327879	0.3410205198009031	-0.19819028675556183
0.6567270616807646	0.3410205198009031	-0.1972178965806961
0.6557972931735111	0.34188520453299115	-0.20019935071468353
0.647398991548685	0.34199570177056016	-0.2570963203907013
0.6480380823596905	0.34199570177056016	-0.25345152616500854
0.6486784361960144	0.34199570177056016	-0.24552561342716217
0.6487265849954169	0.34199570177056016	-0.24199806153774261
0.6492863802940924	0.34199570177056016	-0.24142709374427795
0.6499298752200527	0.34199570177056016	-0.23836149275302887
0.65057464692166	0.34199570177056016	-0.2360462248325348
0.6512206992026149	0.34199570177056016	-0.2297404706478119
0.6518680358817428	0.34199570177056016	-0.22815467417240143
0.6525166607930679	0.34199570177056016	-0.22087712585926056
0.6527834947334838	0.34199570177056016	-0.21941359341144562
0.6534343257352121	0.34199570177056016	-0.21791081130504608
0.6540864558008161	0.34199570177056016	-0.21576659381389618
0.6547398888235942	0.34199570177056016	-0.21015462279319763
0.6552993906171797	0.34199570177056016	-0.20990030467510223
0.6467456786707417	0.3421108030596946	-0.2739098370075226
0.6473822393780948	0.3421108030596946	-0.27383002638816833
0.6470348327173836	0.3421108030596946	-0.2579443156719208
0.6468962231907115	0.3421506218840438	-0.2840169668197632
0.6472427430894448	0.3422072871340793	-0.28972622752189636
0.6462280989363074	0.3424282816092174	-0.3081413805484772
0.6465625418297201	0.3424282816092174	-0.294561505317688
0.6471964266746512	0.3424282816092174	-0.2915180027484894
0.6460153358176711	0.3425271284510691	-0.3106541633605957
0.6456849422355174	0.3426089782566758	-0.31428685784339905
0.645124692117657	0.3426703656108808	-0.31952792406082153
0.642815410245498	0.34276858537760885	-0.36156460642814636
0.6434395028768043	0.34276858537760885	-0.3479101359844208
0.6440648085161403	0.34276858537760885	-0.3472893536090851
0.644588934635422	0.34276858537760885	-0.34258681535720825
0.6448420734377783	0.34276858537760885	-0.34015265107154846
0.645470574484014	0.34276858537760885	-0.32057878375053406
0.6421413104331019	0.3428146258932626	-0.3623757064342499
0.6425558991890585	0.3428146258932626	-0.3621585965156555
0.6413835494467577	0.34286066640891644	-0.3911140561103821
0.642003843014888	0.34286066640891644	-0.37402549386024475
0.640974926471478	0.3429039986589435	-0.4499288499355316
0.6415930315114698	0.3429039986589435	-0.4260719120502472
0.6417297043218091	0.3429039986589435	-0.4065225124359131
