Precision	Recall	Confidence
0.9333333333333333	0.0003437691835481891	-0.00011984507000306621
0.8897435897435897	0.0010469334226240305	-0.00013301486615091562
0.9008547008547009	0.0013869249228365252	-0.000133341018226929
0.7525641025641026	0.0017092085324129525	-0.00013996577763464302
0.7902865761689292	0.002055866532629614	-0.0001464531960664317
0.8252388134741077	0.002424190657859816	-0.00014835855108685791
0.8343316813905048	0.002751589880286663	-0.00015635490126442164
0.8411513323278028	0.00307898910271351	-0.00015726088895462453
0.7818781073683034	0.003401272712289937	-0.00016546693223062903
0.7953569632981399	0.003738903160417623	-0.0001797468721633777
0.8074673692320752	0.004317698214350798	-0.00018106265633832663
0.7940999904235199	0.004587802572852947	-0.0001914501190185547
0.7757504185105996	0.005189398644062278	-0.0001932382583618164
0.7917682457598424	0.005557722769292481	-0.00020351409330032766
0.8056503627091863	0.005926046894522682	-0.00020837783813476562
0.8129895227321698	0.006266038394735177	-0.00021121616009622812
0.8239901390420422	0.006634362519965381	-0.00021491349616553634
0.8337684646508177	0.007002686645195584	-0.00022363662719726562
0.8101288288594791	0.007309623416220753	-0.00023656799749005586
0.8196223874165052	0.007882572055467734	-0.00023763830540701747
0.8282117975395287	0.008600804099666631	-0.00025155238108709455
0.8360203521968228	0.008969128224896832	-0.00026047229766845703
0.8431499021013088	0.009337452350127035	-0.00028273265343159437
0.8496853228470876	0.009705776475357237	-0.0002887513837777078
0.8499836242189183	0.010442424725817643	-0.00029473076574504375
0.8557534848258831	0.011074714474129489	-0.00029992515919730067
0.8610959483508503	0.011443038599359691	-0.0003076352586504072
0.8361927794990676	0.011995524787204996	-0.00032974424539133906
0.86605680733832	0.011995524787204996	-0.0003267474821768701
0.8349863535157653	0.012290184087389161	-0.0003299713134765625
0.8403093743700956	0.012709664341123554	-0.00034656282514333725
0.83592470642103	0.012967491228784694	-0.0003546359948813915
0.8339036780213251	0.013629730565057183	-0.0003660642250906676
0.8358476874912861	0.013961222277764362	-0.00037834190879948437
0.8364561209099026	0.014292713990471544	-0.0003947882796637714
0.8217682372094138	0.014519374990613206	-0.00039536613621748984
0.8238826091767268	0.014887699115843409	-0.00039814459159970284
0.8168213709235382	0.015200654254927896	-0.00040286779403686523
0.8080229821954042	0.01691189983357679	-0.0004109602596145123
0.810549680367792	0.017246739947422426	-0.0004169064050074667
0.8115118832856505	0.0175598154538681	-0.0004238671390339732
0.8138351934238711	0.017894655567713736	-0.00044065050315111876
0.817270153147466	0.018248813380435085	-0.00045628295629285276
0.81005946784866	0.018432975443050188	-0.000465114921098575
0.8047565590393247	0.019415173110330725	-0.0004662897263187915
0.8062835903645567	0.01992161878252225	-0.00047238668776117265
0.8071318936792226	0.020631073512040955	-0.00047304629697464406
0.8055944236720166	0.020983027676149815	-0.00048315967433154583
0.8095618844134038	0.021351351801380015	-0.00048556237015873194
0.8133706467251358	0.02171967592661022	-0.0005212696851231158
0.815629485584867	0.02218446589416262	-0.0005340247298590839
0.8109333141587844	0.022552790019392824	-0.0005368351703509688
0.8127853442518433	0.02316666356144316	-0.0005655527347698808
0.8162522823212536	0.024186132122348183	-0.0005673122359439731
0.8195931499154127	0.024529901305896374	-0.000584903231356293
0.8192432722383518	0.024824560606080535	-0.0006028811330907047
0.8209524545967433	0.02539121310643469	-0.0006038575083948672
0.8178818457736466	0.025627992901225537	-0.000626411463599652
0.8209685941503645	0.025996317026455742	-0.0006447399500757456
0.8125489421425952	0.026749707282608427	-0.000645673368126154
0.8142557900856128	0.02708733773073611	-0.0006560325855389237
0.813795443240914	0.027376735257702702	-0.0006794929504394531
0.8096082139831219	0.028481707633393312	-0.0007073790766298771
0.8065734702550201	0.028942112789931067	-0.0007316895644180477
0.8078398613109258	0.02923677209011523	-0.0007418582099489868
0.8078398613109258	0.02923677209011523	-0.0007403373601846397
0.8107513785637905	0.02960509621534543	-0.0007433085120283067
0.81297896992851	0.029958687375566423	-0.0007538094068877399
0.8157292791942672	0.030327011500796624	-0.0007839970639906824
0.8171921398822729	0.030664641948924314	-0.0007884502410888672
0.8190518010418495	0.03101358059387924	-0.0008230209350585938
0.8164787282999028	0.031345072306586425	-0.0008343524532392621
0.8155554126290707	0.031621315400509074	-0.0008344433736056089
0.8169404983008185	0.03195894584863677	-0.0008360210340470076
0.8185696807562128	0.032327269973866965	-0.0008786392281763256
0.8168861875768992	0.03264278291937666	-0.0009385502780787647
0.816664000898256	0.03337943116983707	-0.0009441159199923277
0.8190449878995772	0.03374775529506726	-0.0009685020777396858
0.8204491730363959	0.0340897705542096	-0.0010263703297823668
0.8199090287926158	0.034499019582243155	-0.0010579957161098719
0.8221601659327081	0.03486734370747336	-0.0010764643084257841
0.8243557194397118	0.03521520538130188	-0.0011022367980331182
0.8252782106660568	0.03581122078394712	-0.0011064873542636633
0.8225640153568271	0.03617954490917732	-0.0011410713195800781
0.8207080945390872	0.03654786903440752	-0.0011708850506693125
0.82029640267056	0.03683726656137411	-0.0011796518228948116
0.8207248498155866	0.03703817062968149	-0.0011829361319541931
0.8227854837257523	0.037406494754911694	-0.0011885083513334394
0.8217001114933317	0.038174713644677546	-0.00123682024423033
0.8237034810271145	0.03854303776990775	-0.0012571719707921147
0.8252178867934798	0.03914217834694888	-0.0012586042284965515
0.8250781297957492	0.03987882659740928	-0.0012748200679197907
0.8237185849066649	0.04061547484786969	-0.0012794663198292255
0.8240779856833983	0.040931181240924146	-0.00129702256526798
0.8247674633770736	0.04125858046335099	-0.0013000487815588713
0.8224014900783676	0.042041269229465175	-0.0013551556039601564
0.8228310200112633	0.04275950127366407	-0.0013572692405432463
0.8222317917879817	0.04310151653280641	-0.0013626172440126538
0.8180433521358835	0.04383816478326681	-0.0013655169168487191
0.8135681667607736	0.044022326845881914	-0.0014769978588446975
0.8135681667607736	0.044022326845881914	-0.001381931477226317
0.8137658184264993	0.04442971565106077	-0.0014861481031402946
0.8114843086731015	0.04464457139077839	-0.0014924549032002687
0.813332501725326	0.045012895516008594	-0.0015097856521606445
0.8140026030792206	0.045614130485134366	-0.001513737952336669
0.8145891165111513	0.04579829254774947	-0.0015202839858829975
0.8103398968551553	0.04616661667297968	-0.001525952946394682
0.8022027025214141	0.0463876111481178	-0.001582296215929091
0.809770652545201	0.0463876111481178	-0.0015546365175396204
0.804034158979549	0.04673426914833446	-0.0015948438085615635
0.8030797171540487	0.0469920960359956	-0.0016515254974365234
0.8039608106344663	0.04731615043463563	-0.0016521995421499014
0.8057269294575793	0.047684474559865825	-0.0016671315534040332
0.8025011929842477	0.0482997925102504	-0.001668472308665514
0.7996134875258958	0.049185723644800325	-0.0016787766944617033
0.8013712639511071	0.04955404777003053	-0.0018126446520909667
0.7987506442645758	0.050459072763453315	-0.0018168948590755463
0.8004855525036743	0.05060073588854185	-0.0018295136978849769
0.8014138034146764	0.051093429198914714	-0.0018533064285293221
0.801555905234737	0.05153290684833711	-0.0018931494560092688
0.8024595607293267	0.05186774696218275	-0.0018942045280709863
0.8004020273528786	0.05200941008727129	-0.0019130706787109375
0.8011333237292092	0.05233680930969814	-0.001923590898513794
0.8003043620592977	0.05299160775455183	-0.001948507153429091
0.7982324123308038	0.053161603504658074	-0.0020042373798787594
0.7961938811463177	0.053878520105552566	-0.002047018613666296
0.7978243300971471	0.05410653027831412	-0.002054686890915036
0.7933820357161796	0.054290692340929224	-0.00205733859911561
0.7950089488207767	0.05465901646615943	-0.0020596792455762625
0.7966104414081143	0.05502734059138964	-0.0020678688306361437
0.7970796849409417	0.05534304698444411	-0.0020708171650767326
0.798640610441396	0.0557113711096743	-0.002085357904434204
0.8001777050181792	0.056079695234904504	-0.002090329769998789
0.794656878248561	0.05610600410099238	-0.0021042616572231054
0.7962008114948124	0.05634433147614133	-0.002144546713680029
0.7960633261685658	0.05654265985126529	-0.0021478990092873573
0.7954575660805447	0.056820110904744064	-0.0021644432563334703
0.7940203780946584	0.057364226089743224	-0.0021683189552277327
0.7950676746049163	0.05770952995714654	-0.002230954822152853
0.7965526914556054	0.058183089546728226	-0.0022320463322103024
0.7980163411573635	0.05855141367195843	-0.0022816378623247147
0.795490827609414	0.05891973779718862	-0.0023120054975152016
0.7959280760458216	0.05923544419024308	-0.0023234409745782614
0.7941149314149464	0.05952191850986657	-0.0023645933251827955
0.7911045917801312	0.05976746792668671	-0.0024331409949809313
0.7922245665065257	0.06011825280785834	-0.0024944718461483717
0.7920347824778804	0.0610498961834406	-0.00254999240860343
0.7880615201312425	0.06141822030867081	-0.002740756841376424
0.7934592017759771	0.06141822030867081	-0.00266304612159729
0.7805036473778031	0.062357446828007826	-0.0027688767295330763
0.7857773206708963	0.062357446828007826	-0.002765955403447151
0.781633623061951	0.06305726266594522	-0.002798875095322728
0.7819760052491788	0.06349048199419216	-0.00292493705637753
0.7834103736356973	0.06368692152764828	-0.002948419190943241
0.7824492838496054	0.06397339584727176	-0.0029727816581726074
0.780939872915517	0.06496991723053347	-0.003018129849806428
0.7823531640579976	0.06533824135576367	-0.0030914098024368286
0.7832904606253914	0.06563750470751321	-0.003137090941891074
0.7812410848350289	0.06637415295797362	-0.0031431803945451975
0.7805159302896595	0.06661970237479377	-0.003167867660522461
0.7818963332438126	0.06712968962511251	-0.0032227516639977694
0.7783945154395416	0.06749801375034271	-0.003253073198720813
0.7832594811610387	0.06749801375034271	-0.0032281617168337107
0.77903623411693	0.06782300562554584	-0.0033400345128029585
0.780391840042593	0.06819132975077603	-0.0033736228942871094
0.7798547415807948	0.06860298612603333	-0.0034122944343835115
0.7807560548352837	0.0689222003678995	-0.0034133351873606443
0.7818759982800509	0.0692782470222887	-0.003420876804739237
0.782184126034861	0.06954133568316742	-0.0034731135237962008
0.781992553856082	0.06984827245419259	-0.0035826973617076874
0.7829344705231361	0.07015844013859697	-0.0037050980608910322
0.7779544516531914	0.0706846174603544	-0.0037205854896456003
0.7825306543099749	0.0706846174603544	-0.0037095206789672375
0.776185438623384	0.0712450760318627	-0.003721405053511262
0.7766534005801439	0.07156078242491716	-0.003902409691363573
0.7756381511515226	0.07276620683476145	-0.004033262841403484
0.7759678379068471	0.07376594374610057	-0.00403831759467721
0.7728495572525323	0.07431316816072829	-0.004082577768713236
0.77724074791874	0.07431316816072829	-0.004043059889227152
0.7730020878297654	0.07455871757754842	-0.004103580955415964
0.7714769365011075	0.07553692905299747	-0.004136801231652498
0.7695057683353608	0.07569039743851007	-0.004211971536278725
0.7683620900572649	0.07624288362635537	-0.0042641013860702515
0.7678033239946791	0.07644378769466274	-0.004339860752224922
0.7686818382273388	0.07678580295380508	-0.004387781955301762
0.7699390021500163	0.07715412707903527	-0.004484064411371946
0.7704103743391667	0.07743037017295792	-0.004555225372314453
0.7704499840350731	0.07779869429818813	-0.004622170701622963
0.7702190896138841	0.07850700992363083	-0.004649670794606209
0.7709980660875693	0.07869117198624594	-0.004673168994486332
0.771621827054772	0.07977447823692299	-0.00468809250742197
0.7723852209474662	0.08011210868505068	-0.0047192382626235485
0.7735769213613538	0.08054418121657073	-0.004721993114799261
0.7741981725149777	0.08087304204266912	-0.004736729431897402
0.7713713872313182	0.08121303354288162	-0.004854582715779543
0.7753681301703406	0.08121303354288162	-0.004837738815695047
0.7701769777504474	0.08198037547044454	-0.004871522542089224
0.7678002984052256	0.08221476355013647	-0.005010008811950684
0.7689789770935239	0.08258308767536668	-0.005057769827544689
0.7686603072745727	0.08289879406842114	-0.0051420023664832115
0.7675894291252309	0.08364771978972256	-0.005215476732701063
0.7687514819796047	0.08410812494626031	-0.00529654324054718
0.7699019721190097	0.0843945992658838	-0.005322044715285301
0.7696266441099341	0.08447466972789036	-0.005405580159276724
0.77005775845985	0.08479037612094482	-0.0054413676261901855
0.771184926310537	0.08515870024617503	-0.0054477364756166935
0.7717590919816509	0.08561218427944456	-0.005473664961755276
0.7728670575545555	0.08605943500293838	-0.005481211934238672
0.7713878286130682	0.08662215241648452	-0.005490798503160477
0.7713774581352687	0.08690547866666161	-0.005510240793228149
0.7691818722111765	0.08729426524329348	-0.005553289782255888
0.7684495043215261	0.08756696675908891	-0.005561701953411102
0.7695469000356422	0.08793529088431913	-0.00560992956161499
0.7692188486203798	0.08819311777198027	-0.005736687686294317
0.7681016239789694	0.08852267093665991	-0.0058166165836155415
0.7673161023715912	0.08874366541179804	-0.005833233240991831
0.7652975778644364	0.08968916558381755	-0.005857500713318586
0.7674607338288194	0.09005748970904774	-0.0059611136093735695
0.766384163152101	0.09005748970904774	-0.005866735242307186
0.7650181700495607	0.09036442648007292	-0.006100734230130911
0.7685274277103384	0.09036442648007292	-0.006065442226827145
0.7639472318434531	0.09072684166211761	-0.006117486860603094
0.7644830042838741	0.09135318963978181	-0.006148067768663168
0.7655438916519647	0.09172151376501202	-0.00622691260650754
0.7665952643351397	0.09208983789024221	-0.006277481559664011
0.7676372497622148	0.09245816201547241	-0.006287751253694296
0.7686699730966049	0.09282648614070262	-0.0063011301681399345
0.7664230686369624	0.09386597867190785	-0.006330348085612059
0.7665709846341565	0.09416063797209201	-0.006334035191684961
0.7664252054617844	0.09489728622255242	-0.006351770367473364
0.76557369177605	0.09557726922297739	-0.006352982483804226
0.7638755452900671	0.09638088549620692	-0.006478868890553713
0.7642142020773737	0.09657732502966304	-0.006498107220977545
0.7647994856891092	0.09690881674237022	-0.006510882172733545
0.7658089299565379	0.09700926877652391	-0.006545952521264553
0.7668097464951853	0.09734076048923108	-0.006563191767781973
0.7669061887833356	0.09757096306749996	-0.006659432779997587
0.7663048913732368	0.09780116564576884	-0.006670522503554821
0.7672909466838982	0.09816948977099903	-0.006672064308077097
0.7666930855633777	0.09843038602637044	-0.006733348127454519
0.7676692651216899	0.09874204490156524	-0.006750809494405985
0.7672484209614605	0.09914720143931845	-0.006820648908615112
0.7665167224965129	0.09938661212071807	-0.006881986744701862
0.7674815294283456	0.09991278944247549	-0.006889960262924433
0.7684383955623851	0.10004672548801373	-0.006961355451494455
0.7693874185313918	0.10040031664823472	-0.0069973049685359
0.7681023492906329	0.1006305192265036	-0.007034290581941605
0.7665434591903272	0.1021038157274244	-0.007060955744236708
0.7666789107725526	0.10241952212047885	-0.007073790766298771
0.7672837001108352	0.10283081739365257	-0.007100795395672321
0.7682183037248479	0.1031991415188828	-0.007110682316124439
0.7669636123281303	0.10335260990439538	-0.00733146769925952
0.7639291025843783	0.10363593615457245	-0.007355791982263327
0.7669726448257503	0.10363593615457245	-0.0073526110500097275
0.7614366291881292	0.10412703498821271	-0.00739195104688406
0.7605109565908282	0.10478927432448522	-0.007427692413330078
0.7591797474731345	0.10515759844971542	-0.007489105686545372
0.7601204515845676	0.10547988205929185	-0.007538755889981985
0.7600162215524617	0.1057783190428117	-0.0075780050829052925
0.7592237383509234	0.10598352819829711	-0.007717805914580822
0.7593811756545878	0.10627818749848125	-0.007736376486718655
0.7581088304734988	0.10664651162371146	-0.00783509761095047
0.7559339927723595	0.10772517513331421	-0.007948670536279678
0.7564165078426042	0.10805016700851733	-0.007992462255060673
0.7573426808165867	0.10841849113374753	-0.008082764223217964
0.7516207708825651	0.10869473422767019	-0.008415951393544674
0.7544570756783483	0.10869473422767019	-0.008307510986924171
0.7573148676316754	0.10869473422767019	-0.008219500072300434
0.7517187372005246	0.10898120854729368	-0.008528444916009903
0.749509270414985	0.10951437703626327	-0.008650409057736397
0.7523059467971306	0.10951437703626327	-0.008578975684940815
0.7498197299072753	0.10974457961453214	-0.008662628941237926
0.7507429043356617	0.11007941972837779	-0.008802157826721668
0.751010501789445	0.11126127245719185	-0.00883498601615429
0.7519225512334397	0.11156262855965293	-0.00884016789495945
0.7481509932850753	0.11200164115336164	-0.008910403586924076
0.750881471362758	0.11200164115336164	-0.008889357559382915
0.7467190736589356	0.11293472893727817	-0.008957992307841778
0.7451514957756904	0.11319781759815686	-0.008978406898677349
0.744327673964476	0.1146069364105906	-0.009136621840298176
0.7417888254996503	0.11534358466105099	-0.009357218630611897
0.7444475668096849	0.11534358466105099	-0.009236065670847893
0.7404538711977535	0.1167342443390035	-0.009378579445183277
0.741374247541024	0.1171025684642337	-0.00944800116121769
0.7399324068547778	0.11742996768666056	-0.009522534906864166
0.7402079329509998	0.11770621078058321	-0.009565019980072975
0.7380946806756725	0.1180008700807674	-0.009570729918777943
0.7378449323749419	0.11814819973085947	-0.009579567238688469
0.7387583646663184	0.11896855800978129	-0.009627618826925755
0.7392024907149306	0.11928777225164747	-0.009630834683775902
0.7401049042418686	0.11944983486674876	-0.009666681289672852
0.7410010942272415	0.11967649586689041	-0.009698178619146347
0.7410320183020619	0.11995273896081306	-0.009741130284965038
0.7405087418493755	0.12065255479875044	-0.009751836769282818
0.7391190646872048	0.12111295995528819	-0.009794316254556179
0.7386458705896292	0.12157336511182594	-0.009960746392607689
0.7395318167910202	0.12180002611196762	-0.01003431249409914
0.740411776869429	0.12216835023719783	-0.010179645381867886
0.7380525628561369	0.12238320597691546	-0.010243415832519531
0.7405375883202989	0.12238320597691546	-0.010212048888206482
0.7389286412412334	0.12275153010214565	-0.01027881633490324
0.7389099902148737	0.12335261461206995	-0.010286200791597366
0.7393621164932296	0.1235870026917619	-0.010381762869656086
0.7402251558425897	0.12386809215575335	-0.010416285134851933
0.7406110228435808	0.12402594535228059	-0.010466103442013264
0.7406419076368586	0.12418379854880783	-0.010575579479336739
0.7414922620380491	0.12465443493104642	-0.010733491741120815
0.7408991500706046	0.1256839885572851	-0.010826864279806614
0.7417431267804723	0.12605231268251532	-0.010831539519131184
0.7425816231220941	0.1264059038427363	-0.010997247882187366
0.7434146923029288	0.12660234337619242	-0.011084174737334251
0.7418963457881687	0.1296379817709468	-0.01109156385064125
0.7427262610750234	0.13030447304517287	-0.011107087135314941
0.742148612802347	0.13077803263475457	-0.011114831082522869
0.7406062649501027	0.13114635675998476	-0.011229073628783226
0.7429724191512213	0.13114635675998476	-0.011160056106746197
0.7414297371248644	0.13144968251017433	-0.01126482430845499
0.7422479974504186	0.13167067698531246	-0.011281860060989857
0.7393268011002762	0.13187530149932922	-0.011311637237668037
0.7416590623024852	0.13187530149932922	-0.011282977648079395
0.7401439584635982	0.13224362562455944	-0.011319859884679317
0.7373843214776706	0.13334859800025006	-0.011608068831264973
0.7395497585933994	0.13334859800025006	-0.011500501073896885
0.7381998981190442	0.13363507231987354	-0.011644252575933933
0.7384944288782216	0.13378854070538612	-0.011707672849297523
0.7375245152836666	0.1348444031977127	-0.011712946929037571
0.7381398244674091	0.13518970706511602	-0.011787145398557186
0.7377160826745643	0.13596653612923792	-0.011849895119667053
0.7378124578628096	0.13643028968691415	-0.011862033978104591
0.738611810125423	0.13679861381214434	-0.011873536743223667
0.7377633227373805	0.13742524316805546	-0.01191963441669941
0.7384457458895792	0.13777992565901787	-0.01192043162882328
0.7382288906653408	0.1384025688230975	-0.01207798719406128
0.739017357862132	0.1387708929483277	-0.012161129154264927
0.7388000885192026	0.13928654672365	-0.012380198575556278
0.7381849185934964	0.13943387637374208	-0.012419575825333595
0.738070933761874	0.1398124317246731	-0.01244081649929285
0.7388504845542494	0.1401807558499033	-0.012470189481973648
0.7362129281265666	0.14060228234877786	-0.012582085095345974
0.7383975362218976	0.14060228234877786	-0.012516672722995281
0.7369910610819455	0.14108110371157714	-0.012584720738232136
0.736504112582965	0.1415722025452174	-0.012698921374976635
0.7369102588803756	0.14185867686484088	-0.01271119900047779
0.7376795271292634	0.14236551604571324	-0.012801124714314938
0.7381792687676356	0.14308681745762236	-0.012910649180412292
0.7363016249735375	0.14344040861784335	-0.012928079813718796
0.7380267542820154	0.14344040861784335	-0.012923539616167545
0.7365820634370052	0.14479597294302096	-0.012936532497406006
0.7373411929371867	0.14548928894345428	-0.01299954205751419
0.737834726604295	0.14582412905729994	-0.013182763941586018
0.7376308066617805	0.14647892750215363	-0.013257435522973537
0.7378090043570323	0.14664634755907643	-0.013302767649292946
0.7381489868436016	0.14685681848777943	-0.013374683447182178
0.7376967095185375	0.1489337573050498	-0.013391302898526192
0.7376303894187278	0.14924069407607493	-0.013423522002995014
0.7383715465107653	0.14962948065270681	-0.01343171764165163
0.7372305937975896	0.14999780477793703	-0.013454629108309746
0.7376566002444751	0.15044797870877394	-0.01348707266151905
0.7372710075267034	0.15066897318391204	-0.013627910986542702
0.7380048873939472	0.15243618489587513	-0.013634026050567627
0.7383864893789224	0.15269401178353628	-0.013686067424714565
0.7391131935750922	0.1528691462940624	-0.013697703368961811
0.7364109107376607	0.15333569018602067	-0.013761842623353004
0.7384508301579866	0.15333569018602067	-0.013748313300311565
0.7369074830680437	0.1535889130221164	-0.013805125840008259
0.7360277006054025	0.1539204047348236	-0.013820330612361431
0.7366263793833205	0.1542887288600538	-0.013963609002530575
0.7369145730548357	0.15460794310191997	-0.01397145725786686
0.7365415088230786	0.1551481518189243	-0.013985157012939453
0.7369856895056246	0.15580704275405832	-0.013996336609125137
0.7369853003884363	0.15607843947791217	-0.01405668631196022
0.7370204752522515	0.15635468257183482	-0.01415333990007639
0.7374298240760697	0.15662255466291133	-0.01418689452111721
0.7381356578823169	0.1568271791769281	-0.01422262191772461
0.7382118359277641	0.15737376273456138	-0.014290571212768555
0.7385823770428519	0.15737376273456138	-0.014232234098017216
0.73789844344575	0.15869262157595584	-0.014462224207818508
0.7378701835623109	0.15942926982641625	-0.014495604671537876
0.7380349841364162	0.15967481924323637	-0.014543167315423489
0.7387280132789125	0.16086536187024308	-0.014553070068359375
0.7392144220118887	0.16116002117042727	-0.014638662338256836
0.7392428051118575	0.16126047320458095	-0.014713493175804615
0.7395991232086767	0.16158275681415737	-0.014782038517296314
0.7383518948618919	0.16219663035620774	-0.014921117573976517
0.7390350491834013	0.16344079237385042	-0.014997233636677265
0.7392806176317085	0.16430021533272088	-0.015017892234027386
0.739957810832665	0.16455804222038203	-0.015061642974615097
0.7406314952605595	0.16553551778349296	-0.015074365772306919
0.7409325582111598	0.1660492183248178	-0.015102557837963104
0.7413659560227055	0.16648687405009133	-0.015104388818144798
0.7420308250303592	0.1667157607014814	-0.015196376480162144
0.7402563870174609	0.16690401525437681	-0.015210071578621864
0.7409206929330172	0.16727233937960703	-0.01522709522396326
0.7411177876402845	0.16853516495182486	-0.015238309279084206
0.7417765210050675	0.16890348907705507	-0.015381886623799801
0.7424319105456638	0.16927181320228527	-0.015589816495776176
0.7429634271072721	0.16962259808345687	-0.015613230876624584
0.7434321341816766	0.17017508427130218	-0.015625879168510437
0.7411320444908859	0.17038555520000515	-0.015752596780657768
0.7429988758372105	0.17038555520000515	-0.015701131895184517
0.740348684551238	0.17086346936052552	-0.015821099281311035
0.74006031283986	0.1712814371721998	-0.015893206000328064
0.7392466789012276	0.17396713391867002	-0.01594146527349949
0.739646562784558	0.1742986256313772	-0.015990184620022774
0.7402926010903035	0.17460556240240238	-0.016018781810998917
0.7389982909498518	0.1773679933416289	-0.016123563051223755
0.7389165232016822	0.1776279868417914	-0.016140149906277657
0.738663929884347	0.17786237492148335	-0.01632031798362732
0.7353852213521881	0.1783688205936749	-0.016639867797493935
0.7371876361104042	0.1783688205936749	-0.016432853415608406
0.7389989079435992	0.1783688205936749	-0.016381867229938507
0.7351437052912405	0.17860320867336682	-0.016706684604287148
0.7355320097603744	0.17910723116052393	-0.0167864840477705
0.7359042351951522	0.17926231500272613	-0.01678849756717682
0.73513126287426	0.1799919475555631	-0.016810905188322067
0.7352220744922626	0.18055280474625454	-0.01683392934501171
0.7347479527186944	0.1807511331213785	-0.016834167763590813
0.7342929204896941	0.18088925466833983	-0.016881678253412247
0.7334704059269518	0.18122074638104702	-0.017011798918247223
0.7303375587051292	0.18154657156875068	-0.01709807850420475
0.7320806077712512	0.18154657156875068	-0.017070602625608444
0.733831996785058	0.18154657156875068	-0.017025601118803024
0.730255170617737	0.1821809075622027	-0.017100505530834198
0.7297095422513443	0.18250830678462954	-0.01710660196840763
0.7278398431526744	0.1829657027571376	-0.017170235514640808
0.7295605047204111	0.1829657027571376	-0.01713530905544758
0.7267464738622841	0.18300380525285107	-0.017184456810355186
0.7265343075770762	0.1841087776285417	-0.017270900309085846
0.7271747424539448	0.18441955110920466	-0.017295103520154953
0.727812184644473	0.18478787523443488	-0.017365628853440285
0.7273708078468437	0.18525748849410337	-0.01745755411684513
0.7280048292239442	0.18544165055671846	-0.017467141151428223
0.7269492513108703	0.18580997468194868	-0.01753091812133789
0.7286359085064872	0.18580997468194868	-0.01747855357825756
0.727474877646285	0.18616155680148658	-0.017627770081162453
0.7258552613464291	0.18628433150989665	-0.017670888453722
0.724799655381648	0.1874384137689513	-0.017722267657518387
0.7245134176399469	0.18757653531591262	-0.017765559256076813
0.725143821718574	0.1879448594411428	-0.017825068905949593
0.7257713472397643	0.1885921190881117	-0.017857417464256287
0.7263960138747536	0.18901615610623387	-0.017889242619276047
0.7270178411159474	0.18988785653594534	-0.017890669405460358
0.7276368482789496	0.19097441270537446	-0.017896514385938644
0.7282530545045629	0.19134273683060465	-0.018027646467089653
0.7275765722789802	0.1917478933683579	-0.018050184473395348
0.727064012431505	0.19228921821907496	-0.018194863572716713
0.7274900858118089	0.19262684866720264	-0.018224764615297318
0.7281010945880155	0.19291332298682615	-0.01824318617582321
0.7287093695441944	0.19328164711205637	-0.018476521596312523
0.7283848694633666	0.1937504232714402	-0.018527934327721596
0.7287670857897287	0.1945761169148134	-0.0185333713889122
0.7291846404138997	0.19502629084565035	-0.018537171185016632
0.7278301814876299	0.19526461822079932	-0.01872939057648182
0.7294439956372698	0.19526461822079932	-0.0186837799847126
0.7273272451046551	0.19607317737189991	-0.018846556544303894
0.7258825343696858	0.19621787613538322	-0.018974624574184418
0.726418390271504	0.19657503892348524	-0.018986564129590988
0.7268356014039496	0.19686016702920076	-0.019064661115407944
0.7274333353177266	0.1975047342483536	-0.019140323624014854
0.7277165438806636	0.19833609441673036	-0.01918610744178295
0.7279012572926883	0.19863535776847993	-0.019254200160503387
0.7255567832914186	0.1991571502792227	-0.019441604614257812
0.7271340806463998	0.1991571502792227	-0.01937435381114483
0.7261508162280172	0.19993413879101785	-0.019624575972557068
0.7264723047458832	0.20025642240059427	-0.019637953490018845
0.7257148213304826	0.20047741687573245	-0.019759802147746086
0.7263046819297719	0.20084574100096264	-0.01994173601269722
0.7266774186638282	0.20117723271366983	-0.01994851790368557
0.7272626918572676	0.20154555683890002	-0.01995842158794403
0.7274181134558632	0.2017464609072074	-0.01998434215784073
0.7279993115081961	0.2021147850324376	-0.02000146172940731
0.7278181579578746	0.2030878284451437	-0.020046131685376167
0.7263231657631379	0.20375081187055805	-0.02012745477259159
0.7278652531639089	0.20375081187055805	-0.02011500671505928
0.7269017637213554	0.20401390053143678	-0.0201684832572937
0.727477920337977	0.204382224656667	-0.020184103399515152
0.7274038777526504	0.20468358075912804	-0.02020508423447609
0.7277139536397246	0.20500586436870447	-0.02022162266075611
0.7269430648480268	0.2058959810046775	-0.020252563059329987
0.7252996004158153	0.20614153042149758	-0.020433442667126656
0.7268169635966015	0.20614153042149758	-0.020404867827892303
0.725871892914949	0.20650985454672777	-0.020455041900277138
0.7261819305596166	0.2068321381563042	-0.020461583510041237
0.725245359418583	0.2076248256202624	-0.020550528541207314
0.7267500178406132	0.2076248256202624	-0.020467789843678474
0.7256408579872773	0.2079066026480863	-0.020594513043761253
0.7262065469398808	0.2084222564234086	-0.02063184604048729
0.7245075467471094	0.20860641848602374	-0.02085193432867527
0.7259983030161363	0.20860641848602374	-0.020770728588104248
0.7249013154354691	0.2093386819254695	-0.02085263840854168
0.725092073109797	0.20955967640060763	-0.020971188321709633
0.7253615645057829	0.20974383846322275	-0.02097148820757866
0.7246989136615756	0.21226948960765843	-0.021030673757195473
0.7233366011878527	0.2125559639272819	-0.021201105788350105
0.7248067975317304	0.2125559639272819	-0.02107449620962143
0.7238966485538691	0.2129242880525121	-0.02142656408250332
0.7235886322364445	0.21316983746933227	-0.021553942933678627
0.7219343520262375	0.21340004004760113	-0.021713580936193466
0.723389864832742	0.21340004004760113	-0.021636391058564186
0.7209866926848193	0.21352281475601118	-0.021742770448327065
0.7207442343828455	0.21364558946442128	-0.021769538521766663
0.7200086282670211	0.21408757841469753	-0.0218446496874094
0.7200467955454954	0.21480376421375624	-0.021881407126784325
0.7198383051467685	0.21498792627637137	-0.02188284881412983
0.7203952866474708	0.21521812885464023	-0.021934663876891136
0.7208260499676147	0.2155634327220436	-0.021989312022924423
0.7209828300666885	0.21568620743045364	-0.022129883989691734
0.7203312915642367	0.2161373114727179	-0.02219454012811184
0.7201432614033605	0.2167511850147682	-0.022223783656954765
0.7201432614033605	0.2167511850147682	-0.022212887182831764
0.7197099085265822	0.217565590580555	-0.022293388843536377
0.7196901983317457	0.21856017341578915	-0.022308407351374626
0.7202398253938403	0.21892849754101934	-0.02243587002158165
0.7183278308835881	0.2195550205984816	-0.022649617865681648
0.7197335604939278	0.2195550205984816	-0.02256879396736622
0.7182271268597733	0.2198005700153017	-0.02270335517823696
0.7173796428719684	0.22009983336705125	-0.022984027862548828
0.7187753231110189	0.22009983336705125	-0.02293998934328556
0.7175749959248945	0.22049668090938687	-0.02304009720683098
0.7177586032828734	0.2207959442611364	-0.023180833086371422
0.7169194564494134	0.22116426838636657	-0.023260263726115227
0.7183034708441034	0.22116426838636657	-0.023225925862789154
0.7183034708441034	0.22116426838636657	-0.023199770599603653
0.717223457494703	0.22153259251159677	-0.02330697327852249
0.7177662147739837	0.22186214567627643	-0.023317774757742882
0.7183068925234589	0.22206932799671844	-0.023321008309721947
0.7178894797270471	0.22273900822440973	-0.02333020232617855
0.7184278585825298	0.22310733234963995	-0.023432215675711632
0.718964186470944	0.22347565647487014	-0.023491723462939262
0.7188647615283502	0.22384924237331788	-0.023524869233369827
0.7193982249789607	0.22407590337345956	-0.02357552759349346
0.7196591049641196	0.22454946296304126	-0.02360491268336773
0.7191388504073716	0.22484412226322545	-0.023631827905774117
0.7196687771047162	0.2252048632447009	-0.02363617718219757
0.720196707844632	0.22557318736993112	-0.023657402023673058
0.7189473823704043	0.2255899293756234	-0.02372257225215435
0.719474685592974	0.22595825350085358	-0.023771248757839203
0.7197919406553259	0.22628565272328044	-0.02382788620889187
0.7196359998996404	0.22640433494141016	-0.023841118440032005
0.7196926491535591	0.2266253294165483	-0.02385537698864937
0.7202146367715228	0.22674810412495838	-0.02385893650352955
0.7197590570337282	0.22691016674005968	-0.023922313004732132
0.7202390209658756	0.22691016674005968	-0.02390197105705738
0.720278021742925	0.22725337785675148	-0.023936577141284943
0.7201789249682924	0.22834594583286116	-0.023953445255756378
0.719311436176838	0.2290089292582755	-0.023972447961568832
0.7189783792749682	0.22926675614593667	-0.024066735059022903
0.7196760399348432	0.22977977903465016	-0.024223674088716507
0.7191607385376646	0.22977977903465016	-0.024135416373610497
0.7192300956789012	0.23017600650270084	-0.024228457361459732
0.7194996323717491	0.23049522074456708	-0.02428603544831276
0.7195138168514955	0.23089423854689975	-0.024286339059472084
0.719884605751724	0.23097923642195287	-0.024350998923182487
0.719898038699944	0.23169542222101158	-0.02446066401898861
0.719898038699944	0.23169542222101158	-0.024436766281723976
0.7186987301861357	0.23198189654063509	-0.02457955852150917
0.7200030835984518	0.23198189654063509	-0.02451477199792862
0.7186510067903338	0.23223689016579444	-0.02463223971426487
0.7178460903028555	0.2325131332597171	-0.024639692157506943
0.7154887302657948	0.23256575099189283	-0.02497577667236328
0.7167778991491567	0.23256575099189283	-0.024887505918741226
0.7157883069460653	0.2329954624713281	-0.024981264024972916
0.715998961115218	0.23330239924235327	-0.024982012808322906
0.7160810824046447	0.2336707233675835	-0.02509288862347603
0.7161416519003507	0.23396538266776762	-0.025100596249103546
0.7166476382605996	0.23428108906082204	-0.025143077597022057
0.7165587041474433	0.23455353198519868	-0.025329655036330223
0.7170621522750676	0.23538309836725121	-0.025373520329594612
0.7168818729543399	0.23616651793520121	-0.025494353845715523
0.7159449138871641	0.23625151581025436	-0.02550032176077366
0.7155633857707556	0.23735648818594496	-0.02556597627699375
0.7160650376477031	0.23743015301099096	-0.025586022064089775
0.7152151578865863	0.2382159111448154	-0.025586746633052826
0.7147392866854577	0.23834984719035365	-0.02573574334383011
0.7142828062781946	0.238547960924379	-0.02582651749253273
0.7146801682121877	0.23889461892459565	-0.025853266939520836
0.7146410554920749	0.23946552131870247	-0.026065099984407425
0.7151390641212336	0.23978122771175694	-0.026191679760813713
0.7149384734171896	0.24005747080567957	-0.02620820887386799
0.7152409958788796	0.24055733926134915	-0.02627597190439701
0.7152145358165899	0.24074150132396427	-0.026363488286733627
0.7157080981461972	0.24097170390223313	-0.026415424421429634
0.7161999526476743	0.2411067560814842	-0.02653556317090988
0.7166901081698718	0.24143415530391107	-0.02654513530433178
0.7169133215112236	0.24172355283087762	-0.02659986913204193
0.716970269322736	0.2418535495809589	-0.0266147218644619
0.7174565747019066	0.24216925597401337	-0.026681596413254738
0.7179412117950422	0.24253758009924356	-0.026687193661928177
0.7171399425967631	0.24272174216185866	-0.026766804978251457
0.715318077036137	0.2442984282136828	-0.026959547773003578
0.7165408429797886	0.2442984282136828	-0.026959210634231567
0.715661089965661	0.2453358744997479	-0.02701173536479473
0.7156213733029774	0.24587091375534545	-0.02703450620174408
0.7161041893075564	0.2464497088092786	-0.02705727517604828
0.7155423438758748	0.2466171288662014	-0.027110865339636803
0.71602365970688	0.24693941247577783	-0.027136344462633133
0.7165033494708887	0.24706218718418793	-0.02713894285261631
0.7167940502118971	0.24738958640661476	-0.02714095078408718
0.7171585944595763	0.24773335559016293	-0.027265159413218498
0.7172978237125853	0.24810167971539315	-0.027314255014061928
0.7164175812698144	0.24840861648641832	-0.027585333213210106
0.717619624191408	0.24840861648641832	-0.027520451694726944
0.7157285014116491	0.24859277854903344	-0.027588453143835068
0.7138593234076135	0.24875063174556067	-0.027671754360198975
0.7150490889466261	0.24875063174556067	-0.02767142280936241
0.7159645854779783	0.24875063174556067	-0.027656743302941322
0.7141685271893283	0.24903018031240204	-0.027715757489204407
0.7146425428987987	0.24925117478754014	-0.02781967632472515
0.7142871744502908	0.24941779760609667	-0.027865374460816383
0.7134149395511149	0.24974928931880389	-0.027935313060879707
0.7145941377983068	0.24974928931880389	-0.027932241559028625
0.713269280672118	0.25104845822847005	-0.02794671803712845
0.7132175518911082	0.25246913699721507	-0.027968958020210266
0.7131659929911527	0.2533224663584255	-0.027976667508482933
0.7136362126747738	0.25355486134220173	-0.028077377006411552
0.713108664614465	0.2547778188635018	-0.028078939765691757
0.7128771611942265	0.2549882897922048	-0.028125688433647156
0.7122913918646412	0.2567992167412532	-0.028417740017175674
0.7125017639013969	0.2567992167412532	-0.028309665620326996
0.7124882080296309	0.2571061535122784	-0.028487473726272583
0.7129549479516607	0.25747447763750864	-0.02857213094830513
0.7134201749403938	0.2578428017627388	-0.028605256229639053
0.7130748348514935	0.2580754275260421	-0.028690453618764877
0.713134487783882	0.2591803999017327	-0.02869962342083454
0.7119649725253188	0.260134096297418	-0.028810273855924606
0.713113303126166	0.260134096297418	-0.028709780424833298
0.7124280513476253	0.26050242042264826	-0.02881798893213272
0.7125192274597973	0.26100228887831783	-0.02883128449320793
0.7128955883469654	0.2616807806879524	-0.02884301170706749
0.7122154107484128	0.26176263049355913	-0.028939804062247276
0.7133549554056102	0.26176263049355913	-0.028919219970703125
0.7120098571959166	0.26185471152486667	-0.028980839997529984
0.7124684402258594	0.2623908277515906	-0.029062271118164062
0.7129255651221617	0.2630706024238906	-0.02915644645690918
0.7133812388283169	0.2645261648002633	-0.029182463884353638
0.7134032538654713	0.26541628143623625	-0.029207685962319374
0.7137060365409404	0.2657495270733493	-0.029295293614268303
0.7136594401582782	0.26598893775474897	-0.02952428348362446
0.7128258845510651	0.267041956763569	-0.029603445902466774
0.7120667402144008	0.26714631526571764	-0.02960921823978424
0.7120906489990837	0.2674141873567941	-0.029609667137265205
0.7118885182052599	0.2676904304507168	-0.029622793197631836
0.7123401035999225	0.268194751176032	-0.029678545892238617
0.7127902755817692	0.2684330785511809	-0.029696423560380936
0.7128484157761728	0.2692901404579666	-0.029724115505814552
0.7131403839262879	0.26962163217067375	-0.029826872050762177
0.7135872057581784	0.26977671601287595	-0.029831552878022194
0.7133257241713921	0.27072774779263703	-0.02983362227678299
0.712328989462164	0.27075230273431905	-0.029946129769086838
0.7125165930960728	0.2710592395053442	-0.029983127489686012
0.7129616138497941	0.2715692267556629	-0.030016807839274406
0.7134052589597635	0.27186388605584716	-0.03015166148543358
0.71281872821034	0.27202173925237433	-0.030265629291534424
0.7127109291574075	0.2726095696744589	-0.030343133956193924
0.7131529123433191	0.2729915354339569	-0.03040037676692009
0.7135935376699807	0.27339669197171007	-0.03042595461010933
0.7137260629189531	0.2736913512718942	-0.03048495203256607
0.7141644609849274	0.2740596753971245	-0.030489834025502205
0.7142957079864795	0.2744361845029153	-0.030848674476146698
0.7145772174292183	0.2749468215385767	-0.031218528747558594
0.7141421217240799	0.2749468215385767	-0.030955828726291656
0.7145864960731596	0.2749468215385767	-0.030926000326871872
0.7139978194290726	0.27529074097089395	-0.03122829645872116
0.7139259967389932	0.2755362903877141	-0.031286004930734634
0.7137100915491289	0.2760162278842262	-0.03135985508561134
0.7141432079007943	0.2763845520094564	-0.03145463764667511
0.7124907971608797	0.2767528761346866	-0.03159230947494507
0.7134097157870039	0.2767528761346866	-0.03146698698401451
0.7115438144554906	0.27701070302234765	-0.03172823786735535
0.7124719857193723	0.27701070302234765	-0.03167511522769928
0.7110116808859522	0.27731559354823265	-0.03213924914598465
0.7108452465817754	0.27768391767346284	-0.032319165766239166
0.7107791109831001	0.277929467090283	-0.03234105929732323
0.7102771990085364	0.27866611534074337	-0.03234945237636566
0.7096504413363798	0.27891933817683917	-0.03237256780266762
0.7107096210995684	0.27891933817683917	-0.03235475346446037
0.7094447540299693	0.2793858820687974	-0.03246765956282616
0.7097526617753435	0.27969281883982255	-0.03248177841305733
0.7101832958083176	0.27986281458992884	-0.032569337636232376
0.7089924940683294	0.280289602862021	-0.032709408551454544
0.710042853318801	0.280289602862021	-0.03269423916935921
0.708831500724063	0.28065792698725117	-0.032776035368442535
0.7088395452868382	0.2809210156481299	-0.032804664224386215
0.7085319760007015	0.281105177710745	-0.032847508788108826
0.7089606054477593	0.2814735018359752	-0.032919660210609436
0.7084843275904431	0.2820720285394743	-0.03294766694307327
0.7078738317556249	0.28244035266470446	-0.033069171011447906
0.7089117699253545	0.28244035266470446	-0.03301377221941948
0.7076186555883409	0.2827677518871313	-0.033115681260824203
0.7069505991568251	0.283043994981054	-0.03311631456017494
0.7072452643316561	0.28337883509489964	-0.03315240889787674
0.7073594841589962	0.2836489394534018	-0.03323912248015404
0.7070580895599279	0.2840030972661231	-0.033514827489852905
0.7074832592412633	0.28449419609976334	-0.03353269770741463
0.7071342496868074	0.284709051839481	-0.03358347713947296
0.705668543762857	0.2849914336688241	-0.03369263932108879
0.7066897717567251	0.2849914336688241	-0.03361105918884277
0.7050625491624984	0.28506509849387013	-0.033720094710588455
0.7044724411073545	0.2862407593380392	-0.03380199149250984
0.7054875310801317	0.2862407593380392	-0.03376638889312744
0.7048970496689819	0.2865170024319619	-0.03383262827992439
0.7036447863256815	0.286655721907698	-0.03400978818535805
0.7042956396776552	0.286655721907698	-0.033945515751838684
0.7040687565884487	0.2870459700880013	-0.0340617410838604
0.7042317752478678	0.2873473261904625	-0.034198883920907974
0.7029030072575801	0.28760456843665494	-0.034493956714868546
0.7032937929822043	0.28760456843665494	-0.034415312111377716
0.7042970651547895	0.28760456843665494	-0.034342262893915176
0.703325020031362	0.28797289256188513	-0.03459286689758301
0.7031379328702233	0.28815705462450025	-0.034638531506061554
0.7026731482627584	0.2882703851245711	-0.03468906134366989
0.7026731482627584	0.2882703851245711	-0.034644898027181625
0.7030936954363612	0.2885282120122323	-0.034754395484924316
0.703513054623598	0.2887255285078913	-0.03477994352579117
0.7039312308512093	0.28933428643709125	-0.03482672572135925
0.7037222510268493	0.28943121383846765	-0.034997448325157166
0.7039826823037298	0.2896578748386093	-0.0350104458630085
0.7014429190460866	0.29008758631804454	-0.035163506865501404
0.7024253320979719	0.29008758631804454	-0.03513060882687569
0.7034105008666927	0.29008758631804454	-0.03511706739664078
0.7043984369634155	0.29008758631804454	-0.03510328382253647
0.7018598982094301	0.29045591044327473	-0.03521949425339699
0.7012976143704065	0.29064884212791914	-0.03537610173225403
0.7022757142509789	0.29064884212791914	-0.03535686805844307
0.7017130557968733	0.2909920532446109	-0.035432253032922745
0.7014960300880645	0.2920052907582846	-0.03554064407944679
0.7013552588951546	0.29252708326902743	-0.03555956855416298
0.701768894270646	0.2926989678608015	-0.03558981418609619
0.7019047602536742	0.29325656966149716	-0.03564288839697838
0.7013602679158822	0.29380905584934247	-0.03570441156625748
0.701356520621348	0.29420886066903684	-0.035767704248428345
0.7017721847877223	0.29420886066903684	-0.03575938194990158
0.7008044483784026	0.2943009417003444	-0.03579157590866089
0.7012154312789817	0.2944851037629595	-0.03587636351585388
0.7007306722332719	0.29490030550412805	-0.035877108573913574
0.6992249454345016	0.29526862962935824	-0.036061178892850876
0.7001814775075994	0.29526862962935824	-0.036020439118146896
0.701140630216514	0.29526862962935824	-0.03589982911944389
0.6980982133916671	0.2956164913031868	-0.03612344712018967
0.6990505984031156	0.2956164913031868	-0.03611646592617035
0.6980554493825176	0.2963531395536472	-0.036273472011089325
0.6984657001306391	0.29684643079279477	-0.03640105947852135
0.69870523106669	0.2971687144023712	-0.03648533672094345
0.6987747361736457	0.29795917624255674	-0.03649730980396271
0.6991823481679981	0.29832750036778694	-0.03650636225938797
0.6993636332830863	0.29869801689852443	-0.03653186187148094
0.6987796967559387	0.29883195294406273	-0.03662360459566116
0.6981550531183256	0.29956860119452317	-0.03670329973101616
0.6985613047292027	0.2998141506113433	-0.03676620125770569
0.6980256040508034	0.30009039370526597	-0.036873720586299896
0.6971595836646081	0.30082704195572635	-0.03711085394024849
0.6980953683406679	0.30082704195572635	-0.03689417988061905
0.6970072058194524	0.3013999905949733	-0.03717818856239319
0.6960996908697151	0.30151638739645303	-0.037260644137859344
0.6970303054297013	0.30151638739645303	-0.03721174970269203
0.6965048912818889	0.3016391621048631	-0.0372774600982666
0.6954503569965647	0.30222848070523134	-0.03751857578754425
0.6963763894293165	0.30222848070523134	-0.03740955516695976
0.6955228000815626	0.30277259589023053	-0.03754458203911781
0.6959266159965738	0.3030181453070507	-0.0375506654381752
0.6959430487347682	0.3032417706687976	-0.03755687549710274
0.6962129653369709	0.3035732623815048	-0.03759044036269188
0.6964185649228558	0.3038886989400353	-0.037666358053684235
0.6963793143974519	0.30447227742416616	-0.03770601004362106
0.6967793416512102	0.30463597703537965	-0.037741098552942276
0.696191474096406	0.30474121249973113	-0.03778757154941559
0.6967264046105887	0.3049867619165513	-0.03787827491760254
0.6965906968636907	0.3049867619165513	-0.03782593458890915
0.6971238798339037	0.30535508604178146	-0.037923313677310944
0.6975203145461628	0.3054932075887428	-0.037940431386232376
0.69772897146459	0.3057694506826655	-0.03807670995593071
0.6969526247332611	0.30595361274528055	-0.038139812648296356
0.6978624845566727	0.30595361274528055	-0.03812307491898537
0.6973472176698063	0.30617460722041867	-0.03821290284395218
0.6975782355922122	0.30722561882391647	-0.038249723613262177
0.6973937905532035	0.30796580865250406	-0.03826388716697693
0.6967528739973663	0.30837096519025725	-0.03848320618271828
0.6976565742230438	0.30837096519025725	-0.038370974361896515
0.6968576927603422	0.3086574395098808	-0.038587652146816254
0.6966620814589134	0.30928885229598974	-0.038695234805345535
0.6962185706137672	0.3095344017128099	-0.038729771971702576
0.696448959053698	0.3098566853223863	-0.038764819502830505
0.6966251294195661	0.310255703124719	-0.03883654996752739
0.6964877495485173	0.310569460712878	-0.03884294256567955
0.696492258214052	0.3108917443224544	-0.03884589672088623
0.6964540202761709	0.3112969008602077	-0.03886929526925087
0.6968426835024498	0.31162905029456706	-0.0389229953289032
0.696621413477267	0.31199737441979725	-0.03892575204372406
0.6965618714421747	0.31210787165736636	-0.03896159306168556
0.6966452169657239	0.31259265120454427	-0.039159759879112244
0.6966494905746847	0.31265670757414954	-0.039255134761333466
0.6965461001482344	0.3129022569909697	-0.039271194487810135
0.6966384567798514	0.3136389052414301	-0.03928454965353012
0.6966608517766864	0.3145781317607671	-0.0393281914293766
0.696791826616006	0.3147622938233822	-0.039491113275289536
0.6963317525738761	0.31483902801613856	-0.039545509964227676
0.6955593900433262	0.3152304720539914	-0.03971390426158905
0.6963544503762931	0.3152304720539914	-0.03964056074619293
0.6957207645978299	0.31553379780418095	-0.039765093475580215
0.6955792187146254	0.31622747490669784	-0.03994737192988396
0.6955428507246278	0.3168254036814222	-0.039995405822992325
0.6959253345805014	0.3171476872909986	-0.04001258313655853
0.6960173112864616	0.3174546240620238	-0.040074672549963
0.6963982419740726	0.31792211237481605	-0.04009956121444702
0.6966530626975094	0.31815889216960686	-0.04011252522468567
0.6963233254658935	0.31819981707241024	-0.04013624042272568
0.6970322463691374	0.31819981707241024	-0.04012283310294151
0.6956888824166841	0.3182648154474509	-0.04018115997314453
0.6960678501845339	0.31884520497811664	-0.040187444537878036
0.6962197332293065	0.31910019860327604	-0.040188491344451904
0.696597100020326	0.31946852272850623	-0.040245238691568375
0.696849460938415	0.31980001444121336	-0.040251292288303375
0.6971425016724857	0.32003440252090537	-0.04026508703827858
0.6972698005565543	0.3202448734496083	-0.04028673842549324
0.697644003522492	0.3204696946689046	-0.04034431278705597
0.6971795400260795	0.3208380187941348	-0.04051027074456215
0.6966721845953623	0.3211303530853481	-0.04051949828863144
0.6970457410182743	0.322046104001099	-0.04052960127592087
0.6972646269456811	0.3229932231802624	-0.04059300199151039
0.6973294124162639	0.3231258198653453	-0.040679849684238434
0.6975255025324927	0.3232639414123066	-0.04077482223510742
0.6978961820637029	0.32363226553753677	-0.04079899936914444
0.6975315600538331	0.324000589662767	-0.04083162546157837
0.697469857441945	0.32493084418418167	-0.040966592729091644
0.6975950468711979	0.3256674924346421	-0.040995042771101
0.6979638333994038	0.3259188882661484	-0.0410316064953804
0.6982302193108133	0.3268940586968292	-0.04108858108520508
0.698129433904577	0.3272623828220594	-0.04110954329371452
0.6976125418496837	0.32737288005962845	-0.041131217032670975
0.69762555251896	0.3280686034072855	-0.04116123914718628
0.697257448084318	0.32910058554424004	-0.04124568775296211
0.6976239644909956	0.3294264107319437	-0.04125373065471649
0.6978384457914901	0.329798920358597	-0.04125525802373886
0.6976459616038936	0.3299278338024275	-0.041283342987298965
0.6980106830012353	0.33021942373490143	-0.04134057089686394
0.6980733207325591	0.3304744173600608	-0.04139026626944542
0.6984366500698244	0.3308836663880944	-0.041445374488830566
0.6987132543709079	0.3311467550489732	-0.04144779592752457
0.6990749431411709	0.33151507917420336	-0.04148023575544357
0.6976129517184155	0.33158874399924937	-0.041581571102142334
0.69769991333724	0.33158874399924937	-0.04157239571213722
0.6985364839767331	0.33158874399924937	-0.04152989387512207
0.6966109584631872	0.33195706812447956	-0.041597623378038406
0.697443229620252	0.33195706812447956	-0.04159446805715561
0.6957806712659724	0.3320261288979602	-0.04165316000580788
0.696142837133513	0.33242278564820815	-0.04205859825015068
0.6955948600592128	0.3326069477108232	-0.04210273548960686
0.6957513098847864	0.33281741863952624	-0.042449526488780975
0.6958650287801365	0.33281741863952624	-0.042110625654459
0.6956674813185721	0.33304762121779513	-0.04250778630375862
0.6957646532670446	0.3333340955374186	-0.042576827108860016
0.6955332529676747	0.3338251943710589	-0.0426083579659462
0.69471208029593	0.333886581725264	-0.04264835640788078
0.6950720896352037	0.3342057959671301	-0.04271988943219185
0.6954312508959396	0.3345495651506783	-0.04277433454990387
0.6957895670713562	0.3348565019217035	-0.04285648465156555
0.6961470411406026	0.3349946234686648	-0.042861249297857285
0.6940338126180474	0.3354411246518142	-0.04316315799951553
0.6948464985813003	0.3354411246518142	-0.04315042495727539
0.6956610900216067	0.3354411246518142	-0.04299163818359375
0.6962428518643551	0.3354411246518142	-0.04297289624810219
0.6932163474777485	0.3357305221787808	-0.04325598478317261
0.6940261796593814	0.3357305221787808	-0.04322785139083862
0.6927664840377539	0.33600676527270346	-0.04337967187166214
0.69357390418232	0.33600676527270346	-0.043265994638204575
0.6931237323121286	0.33633891470706284	-0.04354477673768997
0.6933142307149517	0.33665462110011735	-0.04372650012373924
0.693283317067564	0.33696713853970656	-0.043809615075588226
0.6935099747405898	0.33721268795652676	-0.043837327510118484
0.69363322708464	0.3378087033591719	-0.04389737918972969
0.6939874083250046	0.3380815360445276	-0.04395481199026108
0.6943407715948372	0.33844986016975787	-0.04399638995528221
0.6938381211445968	0.3388006450509295	-0.04412320256233215
0.6946383957941291	0.3388006450509295	-0.044054482132196426
0.6941904363101381	0.33891114228849856	-0.044262029230594635
0.6940493307183203	0.33934392313564404	-0.04431959614157677
0.6942570811997	0.33971224726087423	-0.044329795986413956
0.6942636671157553	0.3398479456228012	-0.04436592757701874
0.693026191685644	0.3401158177138776	-0.044667668640613556
0.6938191278317375	0.3401158177138776	-0.04464980959892273
0.6946138805554852	0.3401158177138776	-0.04438092187047005
0.6924761635206065	0.3410826685426069	-0.04490550607442856
0.6931561205529517	0.3410826685426069	-0.04489274322986603
0.6933766184074642	0.3410826685426069	-0.04472287744283676
0.6928260199898663	0.3414509926678371	-0.04498559236526489
0.6926700308257364	0.34189465581868256	-0.045247651636600494
0.6927666343977592	0.34255177954210464	-0.04524916037917137
0.6926614568077389	0.3428218839006068	-0.045404769480228424
0.6926320176343064	0.3430107230949709	-0.04541986808180809
0.6928540276696622	0.3430659717137554	-0.04557894170284271
0.6926361135141033	0.34357110194264256	-0.04569621384143829
0.6922884603212155	0.34418497548469285	-0.04573553428053856
0.6922595744208156	0.34439544641339587	-0.045736704021692276
0.6923462536942503	0.344801547371983	-0.04575842246413231
0.6923709325025648	0.34501820862211846	-0.04579925537109375
0.6923955558528829	0.3451856286790413	-0.04602467268705368
0.6918914567365984	0.34540662315417936	-0.04612072929739952
0.6920643966350482	0.346725576291462	-0.046265121549367905
0.6916347223696454	0.34695577886973095	-0.04644552618265152
0.6924092293375845	0.34695577886973095	-0.046404678374528885
0.6917558008921375	0.3472414456411051	-0.04651513695716858
0.6915124174207471	0.3475428017435662	-0.04651596024632454
0.6909002887999139	0.34780589040444493	-0.04657382890582085
0.6916705232355883	0.34780589040444493	-0.0465160608291626
0.6910587237771479	0.34803609298271376	-0.046630777418613434
0.6908464363062845	0.34837158821852127	-0.04665214195847511
0.6911895590184861	0.3487399123437515	-0.04667341709136963
0.6902609730749812	0.3493974464104504	-0.046776048839092255
0.6910253816830376	0.3493974464104504	-0.04676647484302521
0.6910391887263986	0.3493974464104504	-0.046736884862184525
0.6905418387892016	0.3500952993344976	-0.04697622358798981
0.6905522782607366	0.35073986655365047	-0.04698166996240616
0.6905784452243804	0.3509503374823534	-0.04708695411682129
0.6909192178617987	0.35112033323245967	-0.04716460779309273
0.6901591307134358	0.3512542692779979	-0.04744814708828926
0.6897782471480203	0.35164013264728666	-0.04749618098139763
0.6904996151851793	0.35164013264728666	-0.04745214432477951
0.6894436387461205	0.3519032213081654	-0.04761901870369911
0.6896842162601893	0.35246826400028	-0.04797251895070076
0.6899593718994979	0.35283658812551016	-0.04810025170445442
0.6899593718994979	0.35283658812551016	-0.048071011900901794
0.6892053179411377	0.3528932533755456	-0.04825519025325775
0.6887926563971003	0.35318791267572974	-0.04848047345876694
0.6895446134455687	0.35318791267572974	-0.048334814608097076
0.6889501081148957	0.3534948494467549	-0.048522867262363434
0.6884180622954018	0.35359530148090856	-0.04868533834815025
0.6881863169840226	0.3538759293858459	-0.0487787202000618
0.6886927996957202	0.3538759293858459	-0.048729244619607925
0.6885524199962844	0.35401759251093445	-0.048806216567754745
0.688214624356367	0.35401759251093445	-0.04880206286907196
0.6883872633863516	0.35409944231654117	-0.049348194152116776
0.6884603410512239	0.3544217259261176	-0.04944651573896408
0.6887241420205285	0.3544217259261176	-0.049413759261369705
0.688364914577598	0.3558950224270384	-0.04968111589550972
0.6885001810096136	0.3563961907278704	-0.04976153373718262
0.688360437866109	0.3563961907278704	-0.04974266514182091
0.6883040951690392	0.3566826650474939	-0.049829889088869095
0.6885961784254933	0.3566826650474939	-0.049772709608078
0.6879004422319137	0.3571533014297325	-0.04986032471060753
0.6886385328351668	0.3571533014297325	-0.0498523972928524
0.6882345959340208	0.35736201843402965	-0.049874141812324524
0.68797149884798	0.35775867518427756	-0.050203919410705566
0.6878323852589481	0.35775867518427756	-0.050123170018196106
0.6885680348688507	0.35775867518427756	-0.05004241317510605
0.688170889574155	0.3581832710508624	-0.05050315707921982
0.6885029759537352	0.35842882046768254	-0.05051792412996292
0.6880069325987017	0.3590181390680508	-0.050539545714855194
0.6881730192943175	0.35931949517051187	-0.05086676776409149
0.6881452693527751	0.35931949517051187	-0.050783514976501465
0.6883269538797248	0.3599333687125622	-0.050874609500169754
0.6879265490849222	0.3606822944338636	-0.051035474985837936
0.688160585444717	0.3610506185590938	-0.051098305732011795
0.6877045382151025	0.36138598736785604	-0.051208022981882095
0.688431498614907	0.36138598736785604	-0.05119291692972183
0.6874479347406609	0.3615496869790694	-0.051216915249824524
0.6868778689131367	0.3628120975484348	-0.051532745361328125
0.6876016601343308	0.3628120975484348	-0.05135876685380936
0.6869442433937747	0.36308834064235745	-0.05164852738380432
0.6872730834742434	0.36353851457319436	-0.051732465624809265
0.687413855234951	0.3638117873112684	-0.05174410343170166
0.6872174046529437	0.36410644661145264	-0.05180950462818146
0.6867560014353993	0.3644502157950008	-0.0519571453332901
0.6874751176672688	0.3644502157950008	-0.051951128989458084
0.6865450217942426	0.3652935943317495	-0.05201936140656471
0.6867417388904908	0.3655698374256722	-0.052043356001377106
0.6870683898405529	0.3659381615509024	-0.05214328691363335
0.6871628787863208	0.3663064856761326	-0.05218557268381119
0.6873149812364218	0.36639856670744014	-0.052214086055755615
0.6870534420518872	0.3665774669968377	-0.05223359540104866
0.6873784125170462	0.3666907974969084	-0.05228210613131523
0.6866653643712817	0.36670921370316995	-0.052320368587970734
0.6868173519038847	0.3668626820886825	-0.05232943221926689
0.6863335991535928	0.36719417380138974	-0.05242520198225975
0.686657969785285	0.3676300240162454	-0.05263405665755272
0.685948612378482	0.3677036888412914	-0.052851732820272446
0.6858427142576925	0.3679185445810091	-0.0531766340136528
0.6843138052336756	0.3685988280789721	-0.05368328094482422
0.6850185568353581	0.3685988280789721	-0.053679559379816055
0.6857247615331264	0.3685988280789721	-0.05353870615363121
0.684638251477012	0.3690723876685538	-0.053745515644550323
0.6848435668087762	0.36931793708537397	-0.05383840203285217
0.6845514195607671	0.3696125963855581	-0.05392864719033241
0.6836558794006331	0.36977629599677153	-0.05456775054335594
0.6843549140421471	0.36977629599677153	-0.054228078573942184
0.685055379665527	0.36977629599677153	-0.054155342280864716
0.6848258350657059	0.36977629599677153	-0.054069794714450836
0.6822037738627493	0.3700064985750404	-0.055249571800231934
0.6828991905537409	0.3700064985750404	-0.05515069514513016
0.6835960264624692	0.3700064985750404	-0.05460389330983162
0.6819884986454873	0.370024037819099	-0.055317964404821396
0.6814343918646658	0.370555274538181	-0.05533619225025177
0.6821269064905445	0.370555274538181	-0.055327821522951126
0.6815234348437389	0.3707087429236936	-0.05536738038063049
0.6813005523986474	0.3710678589457931	-0.05546647310256958
0.6816231226897418	0.37125202100840815	-0.055611297488212585
0.6812562072903686	0.371579420230835	-0.0557752326130867
0.6819450406647775	0.371579420230835	-0.05564339458942413
0.6815778458299343	0.37194774435606526	-0.055795032531023026
0.6812260486965521	0.3721779469343341	-0.055889517068862915
0.6812267928939498	0.3721779469343341	-0.05585305020213127
0.6815467468366965	0.3727041242560915	-0.05589751526713371
0.6817830482636612	0.3730567080340897	-0.056029900908470154
0.6815377841589788	0.3735254841934736	-0.0560726635158062
0.6810286319617064	0.37378126483599455	-0.056136082857847214
0.6803462385429071	0.3739654268986096	-0.05622464045882225
0.680089878368432	0.37512564789308483	-0.05633023753762245
0.6803597884900637	0.37632577066779316	-0.05652334913611412
0.6802509660953967	0.3794363780877929	-0.05655539780855179
0.6803205759096728	0.3797740085359205	-0.0565793439745903
0.680496869310703	0.3799318617324478	-0.05665137618780136
0.6806158963333018	0.3802265210326319	-0.056668996810913086
0.6805239753360722	0.3807124612650785	-0.056762102991342545
0.6793914635047148	0.3809887043590012	-0.05688544735312462
0.6800661322867453	0.3809887043590012	-0.056849606335163116
0.6807421423586009	0.3809887043590012	-0.056806400418281555
0.6792425035109761	0.38123425377582126	-0.05700509995222092
0.6797092123020342	0.38123425377582126	-0.05690639093518257
0.6789779359564473	0.3818788209949741	-0.057175640016794205
0.6784512990419885	0.3820322893804867	-0.05744893476366997
0.6791210436609836	0.3820322893804867	-0.05726539343595505
0.6788559770825333	0.3820322893804867	-0.05718041956424713
0.6787680957917007	0.38226906917527764	-0.057500291615724564
0.6782526554197734	0.3825606591077515	-0.05760858580470085
0.6789202269310134	0.3825606591077515	-0.057548221200704575
0.6774628799802166	0.38286759587877667	-0.05778080224990845
0.6781283641452266	0.38286759587877667	-0.05769821256399155
0.6778498283054267	0.3832359200040069	-0.05799610912799835
0.677779092842981	0.3832359200040069	-0.05795522406697273
0.6773679348247712	0.383285029887371	-0.05804324895143509
0.6773574741520849	0.3835305793041911	-0.05805090442299843
0.6776725547437332	0.3838989034294213	-0.05806262046098709
0.6762657559412857	0.3850711869580378	-0.05866390839219093
0.6769248843583825	0.3850711869580378	-0.05863167345523834
0.6775852988797076	0.3850711869580378	-0.05818258970975876
0.6765806725211093	0.38536584625822207	-0.05868640914559364
0.6764900531438618	0.385488620966632	-0.05875673145055771
0.6761245288204212	0.38609430952812174	-0.05896937474608421
0.6761245288204212	0.38609430952812174	-0.05896158516407013
0.6762446796169096	0.38631530400325986	-0.059652600437402725
0.6765583960126297	0.38668362812849005	-0.05965442582964897
0.6761087956410019	0.38811088411375716	-0.05975325405597687
0.6748306182864338	0.3882511980662259	-0.059940434992313385
0.6754832591164981	0.3882511980662259	-0.059892863035202026
0.6748227380242526	0.3889969082594498	-0.060089726001024246
0.6742932144442444	0.3891810703220649	-0.06046190857887268
0.6749434489808348	0.3891810703220649	-0.06026684492826462
0.6740051555275511	0.38945731341598755	-0.06064258888363838
0.6738912616814242	0.3895187007701926	-0.060695309191942215
0.6741084650803854	0.3897949438641153	-0.060735005885362625
0.673763145741811	0.3907256200019737	-0.06088588014245033
0.6740759327545225	0.391388603427388	-0.06089635565876961
0.673702900666316	0.391572765490003	-0.06105731427669525
0.6740289251560987	0.391572765490003	-0.06090746074914932
0.6737942275005078	0.39175692755261815	-0.06117445230484009
0.6735327239403354	0.3918621630169697	-0.061196357011795044
0.6730490731223261	0.394440431893581	-0.06123751029372215
0.6725663444221778	0.394501819247786	-0.06124989315867424
0.6728781859989186	0.3947043975166627	-0.061383411288261414
0.6723223443800549	0.39520283614265356	-0.06170773506164551
0.6729614340610246	0.39520283614265356	-0.061609961092472076
0.6731260025044699	0.39520283614265356	-0.06152796745300293
0.67210192469848	0.39557116026788375	-0.06185012310743332
0.6713665489498308	0.395592207360754	-0.06206391006708145
0.6715763750625795	0.395592207360754	-0.06203890219330788
0.6716774604456209	0.39593188405402185	-0.06219050660729408
0.6714364294496106	0.39622237778374214	-0.06238318979740143
0.6704130253526576	0.39640653984635726	-0.06266407668590546
0.6710460876995439	0.39640653984635726	-0.06247727945446968
0.6702641235230784	0.3970695232717717	-0.06279446184635162
0.6704880366388472	0.3970695232717717	-0.06271088868379593
0.6701039503118619	0.39719229798018174	-0.06283696740865707
0.6701039503118619	0.39719229798018174	-0.06279917061328888
0.6699688110629538	0.39758620016966406	-0.06297179311513901
0.6697309686738493	0.39795452429489425	-0.06306510418653488
0.6697849478094956	0.39812785329500255	-0.06314112991094589
0.6696258241470687	0.3987439591044785	-0.06319068372249603
0.6694001177841702	0.3988820806514399	-0.06324253976345062
0.6690857428688747	0.39891556466282446	-0.06326401978731155
0.669457301809466	0.3990900339853019	-0.06365305185317993
0.6693950085297449	0.3990900339853019	-0.06355885416269302
0.6695907371622558	0.3994583581105321	-0.06377814710140228
0.6689667010605203	0.39960568776062416	-0.06385810673236847
0.6685677778111899	0.39980401613574806	-0.06396020948886871
0.6691902803976063	0.39980401613574806	-0.06395870447158813
0.6682547457261181	0.4000572389718438	-0.06400736421346664
0.6688758003225178	0.4000572389718438	-0.06396634131669998
0.6682532725544487	0.4012005784439126	-0.06401006132364273
0.6685607301331749	0.4014839046940897	-0.06402914971113205
0.6687353432137394	0.40176014778801233	-0.06409347057342529
0.6684867443763539	0.40232140359788704	-0.06411910057067871
0.6679447559287521	0.4025423980730251	-0.06420479714870453
0.6685620801024386	0.4025423980730251	-0.06413079053163528
0.66768368870948	0.40287388978573224	-0.06434012949466705
0.6682510799546482	0.40287388978573224	-0.06423363834619522
0.6670127533172462	0.4034326109274216	-0.06468461453914642
0.6676269455394536	0.4034326109274216	-0.06460634618997574
0.6666550005823753	0.403596310538635	-0.06469251960515976
0.6669611025102151	0.4041346590327846	-0.06473682820796967
0.6672666427831415	0.40435132028292	-0.06521538645029068
0.6672666427831415	0.40435132028292	-0.06519999355077744
0.6672049868319196	0.4046229593252773	-0.0654781386256218
0.6672481010511997	0.40480712138789243	-0.06547924876213074
0.6667748639962581	0.4052306941319071	-0.06548146903514862
0.6671828578796466	0.4054148561945222	-0.06556878238916397
0.6670794573564077	0.4054148561945222	-0.06548993289470673
0.6672181676379145	0.4055022151216602	-0.06558281928300858
0.6673189512387712	0.40611097305086014	-0.06596854329109192
0.6662949686779985	0.4063740617117388	-0.06664758920669556
0.6667544815497886	0.4063740617117388	-0.06640663743019104
0.6673617260685043	0.4063740617117388	-0.06628682464361191
0.6663962246354007	0.406759031254167	-0.06688862293958664
0.6659775266886753	0.40679586366669007	-0.0669456273317337
0.665950678193367	0.4073822989216336	-0.066945880651474
0.6658758436418634	0.4075565951594658	-0.0670434981584549
0.6658765593188088	0.4078707070757876	-0.06708275526762009
0.6660494944886316	0.40800882862274895	-0.06743825972080231
0.6660801634186329	0.4083618059094279	-0.06748068332672119
0.6659397759176393	0.4090721452938004	-0.0675995796918869
0.6663815351122984	0.4090721452938004	-0.06748998165130615
0.6662407310744702	0.4094404694190307	-0.06779316812753677
0.6658742909106672	0.4103267225152285	-0.06792836636304855
0.6663611264560414	0.4103267225152285	-0.06785833090543747
0.6658375664803791	0.4104801909007411	-0.06798195838928223
0.6661375327582244	0.41113089685531445	-0.06798981130123138
0.6650198849531441	0.4112536715637245	-0.06845308095216751
0.6656157809074031	0.4112536715637245	-0.06836292892694473
0.6662127457333291	0.4112536715637245	-0.06806585192680359
0.6636523514346743	0.41138258500755503	-0.06885319948196411
0.6636496624826387	0.41138258500755503	-0.06884677708148956
0.6639552170282226	0.41138258500755503	-0.06875492632389069
0.6643251501980422	0.41138258500755503	-0.06856250017881393
0.6648722821937942	0.41138258500755503	-0.06850537657737732
0.6634038768426714	0.41150535971596514	-0.06893882155418396
0.6631133810616178	0.4130343691097779	-0.06913602352142334
0.6637033395856939	0.4130343691097779	-0.06912877410650253
0.663017859014099	0.4133822307836064	-0.06923817843198776
0.6630210966428947	0.41352956043369854	-0.06954130530357361
0.6625219644650198	0.41364005767126755	-0.06955017894506454
0.6619351425301526	0.41371898426953113	-0.06978633254766464
0.6618320623557493	0.4139952273634538	-0.06983436644077301
0.661354523306656	0.414363551488684	-0.07000123709440231
0.6619387587512732	0.414363551488684	-0.06994463503360748
0.6621310614164428	0.414363551488684	-0.06989715248346329
0.661432693921024	0.4144285498637246	-0.07004044204950333
0.6611803303140451	0.41488403616175235	-0.07011115550994873
0.661214502558487	0.41539150495651395	-0.07021474838256836
0.6611355351608355	0.4155048354565848	-0.07035627961158752
0.6611822400634055	0.41563637978702417	-0.07077442854642868
0.6606017464373621	0.4156889975191999	-0.07099100947380066
0.6596191228677432	0.41588990158750727	-0.07134220004081726
0.6601950324709014	0.41588990158750727	-0.07124385237693787
0.6607741509204372	0.41588990158750727	-0.07108631730079651
0.6593400684571352	0.4159676589028337	-0.07187966257333755
0.6599169189107285	0.4159676589028337	-0.07149893045425415
0.6596375880480023	0.4163359830280639	-0.07207360863685608
0.6599345884074718	0.41663064232824804	-0.07226114720106125
0.660231070893603	0.41696548244209364	-0.07240064442157745
0.6593782941869241	0.417166386510401	-0.07272893935441971
0.6599521656353026	0.417166386510401	-0.07254616916179657
0.6605270368597236	0.417166386510401	-0.07246573269367218
0.6588648533352738	0.41807303051096767	-0.07333669066429138
0.6594372815310473	0.41807303051096767	-0.07293327897787094
0.6584657312819568	0.4186342863208423	-0.07342790812253952
0.6590368203810739	0.4186342863208423	-0.07342012971639633
0.6586827227778953	0.4195067558510953	-0.07344446331262589
0.6588914747478106	0.4197435356458862	-0.07348284870386124
0.6583291981650568	0.4197770196572707	-0.07373704761266708
0.6588981948791147	0.4197770196572707	-0.07356510311365128
0.6578570514117746	0.41979376166296306	-0.07406022399663925
0.6581520022295231	0.4203409860775908	-0.07407202571630478
0.6580719551916892	0.4206526449527855	-0.07412413507699966
0.6579837310956168	0.4211130501093232	-0.07413212209939957
0.6579553701918373	0.4213248364813306	-0.07433740049600601
0.658177630755819	0.4216624669294583	-0.07458239048719406
0.6581031680439503	0.42182616654067173	-0.07483962178230286
0.6568979620980121	0.42190987656913315	-0.07501401752233505
0.657126918464546	0.42190987656913315	-0.07489395886659622
0.6575387570936553	0.42190987656913315	-0.07486584782600403
0.6564588202824599	0.42203265127754314	-0.07567204535007477
0.6570203761595195	0.42203265127754314	-0.07561477273702621
0.6548721477651777	0.42212034749783606	-0.07667891681194305
0.6554304360411923	0.42212034749783606	-0.0764811635017395
0.6559896770275756	0.42212034749783606	-0.0760592371225357
0.656193828844263	0.42212034749783606	-0.07597390562295914
0.6544189516926907	0.4223308184265391	-0.07689521461725235
0.6549227125026419	0.4223308184265391	-0.07684902846813202
0.6544091285755832	0.423735658726407	-0.07712487131357193
0.6542780512168602	0.4243393010427565	-0.07715057581663132
0.6539654441214382	0.42443138207406406	-0.07719362527132034
0.653750219168793	0.42467079275546366	-0.07759746164083481
0.6533599090231214	0.425016608184152	-0.07800962030887604
0.6539131350256812	0.425016608184152	-0.07785964012145996
0.6536529268515042	0.42536159748902597	-0.07811661064624786
0.6539454497173391	0.42559180006729486	-0.07846005260944366
0.6536569904451062	0.4256444177994706	-0.07848212122917175
0.6533980907139434	0.4260127419247008	-0.07858504354953766
0.6539490165914424	0.4260127419247008	-0.07854960113763809
0.6534794054523996	0.42617059512122807	-0.07883431017398834
0.653210148873662	0.4262115200240314	-0.07899345457553864
0.6529413448269894	0.426426375763749	-0.0790630429983139
0.6528729042112057	0.42648776311795406	-0.07907786220312119
0.6531641182177399	0.42662588466491536	-0.07924681156873703
0.6529075619058173	0.4268363555936183	-0.07939507812261581
0.6534548440197367	0.4268363555936183	-0.07929136604070663
0.65204776472021	0.42687318800614127	-0.0797945037484169
0.6522129004310585	0.42687318800614127	-0.07962390780448914
0.6527586852849757	0.42687318800614127	-0.07941269874572754
0.6523382089900596	0.4272415121313715	-0.08007878065109253
0.6514593119750761	0.4277939983192168	-0.08023019880056381
0.6520026475146716	0.4277939983192168	-0.08021581172943115
0.6517495207078196	0.4281097047122713	-0.08030569553375244
0.6518203132074496	0.4286778386570708	-0.08060155063867569
0.6512027499795641	0.4287023935987528	-0.08109517395496368
0.651328229440128	0.4287023935987528	-0.08094488829374313
0.6514020070393308	0.4287023935987528	-0.08083206415176392
0.6519434883419404	0.4287023935987528	-0.0806913897395134
0.6510276701707478	0.42902862353824245	-0.0815531387925148
0.6514917286456954	0.42902862353824245	-0.08132580667734146
0.6509283006182491	0.4294441687051688	-0.08170750737190247
0.6513163156048497	0.4294441687051688	-0.08170191198587418
0.6512165514022142	0.42965463963387174	-0.08171293139457703
0.6510917852706942	0.42972160765664086	-0.0822627991437912
0.6507836963921831	0.4301390416652351	-0.08267617225646973
0.6513197620399527	0.4301390416652351	-0.08255750685930252
0.6513794260083112	0.4301390416652351	-0.08246613293886185
0.6508290077873714	0.4303600361403732	-0.08273560553789139
0.6506594231009764	0.43053396697728746	-0.08280116319656372
0.6505083617245934	0.43090229110251765	-0.0832541361451149
0.6502091048943962	0.43099437213382524	-0.08329795300960541
0.6502225946991276	0.4312399215506454	-0.08356636762619019
0.649497303267843	0.43136269625905554	-0.08409591764211655
0.6500288067893388	0.43136269625905554	-0.08391353487968445
0.6498538620253363	0.43136269625905554	-0.08369795978069305
0.6497836616802058	0.43141246978949205	-0.08410006761550903
0.6498183751745957	0.43228621646434373	-0.08410626649856567
0.6495990717535336	0.43282196064649675	-0.08411906659603119
0.649548867966248	0.43307867140044504	-0.08419554680585861
0.6497160272356218	0.43307867140044504	-0.0841255635023117
0.6492237671786433	0.43318390686479646	-0.08420216292142868
0.6490211462297175	0.43324529421900154	-0.08426040410995483
0.6484939154041857	0.43339695709409626	-0.08455414324998856
0.6487792287845394	0.43374361509431286	-0.08478923887014389
0.6475117103186274	0.4338172799193589	-0.08555863797664642
0.6480364361778809	0.4338172799193589	-0.08522103726863861
0.6485620131739699	0.4338172799193589	-0.08496565371751785
0.646013152200838	0.4340705027554548	-0.08631766587495804
0.6465349721945381	0.4340705027554548	-0.08615630120038986
0.6470576358745661	0.4340705027554548	-0.08603262156248093
0.6475811452887041	0.4340705027554548	-0.08603158593177795
0.6459378444804722	0.4343679953181406	-0.08640003204345703
0.6460619880385057	0.4345644348515967	-0.08657348901033401
0.6463086216651904	0.43470856168320854	-0.08667222410440445
0.6462483802732061	0.4348313363916186	-0.08679425716400146
0.645494973258102	0.43556798464207896	-0.08725788444280624
0.6460134431161407	0.43556798464207896	-0.08721127361059189
0.6465327465270058	0.43556798464207896	-0.08689849823713303
0.6453762924455454	0.435678481879648	-0.08747123181819916
0.6454315083284301	0.4358363350761752	-0.08769022673368454
0.6454485100564832	0.4360468060048782	-0.08772638440132141
0.6454654845817714	0.4362908207378432	-0.08807841688394547
0.6456803959482541	0.43683409882255775	-0.08817722648382187
0.6457488854733927	0.43683409882255775	-0.08812234550714493
0.6447148198206144	0.4370182608851728	-0.08837847411632538
0.6451464518333406	0.4370182608851728	-0.08837591111660004
0.6455948262295895	0.4370182608851728	-0.08818191289901733
0.6449976901869993	0.437386585010403	-0.08843021094799042
0.645087198948703	0.4377022914034575	-0.08894060552120209
0.6452801104812022	0.4377022914034575	-0.08843737095594406
0.6450854276571293	0.4377357754148421	-0.08918242156505585
0.6448269223270338	0.43829534475894183	-0.08937748521566391
0.6446287384096839	0.43829534475894183	-0.08931739628314972
0.6451403485195328	0.43829534475894183	-0.08918396383523941
0.6440882023531357	0.4386718538647327	-0.09007733315229416
0.6445977658043643	0.4386718538647327	-0.0900697261095047
0.6451081361652546	0.4386718538647327	-0.08993425220251083
0.6438607545199025	0.43904017798996287	-0.09020320326089859
0.644369333314942	0.43904017798996287	-0.09008113294839859
0.643944460549461	0.4393164210838855	-0.09052586555480957
0.6436856203051164	0.4399094667736163	-0.09062332659959793
0.643266270297877	0.4399555072892701	-0.09092963486909866
0.643041008866591	0.4403351334407519	-0.09139110147953033
0.643546941997092	0.4403351334407519	-0.09100556373596191
0.6428666267948804	0.44119894121063713	-0.09140872955322266
0.6431469512636443	0.4415672653358673	-0.09191946685314178
0.6418738982876331	0.4415902855936942	-0.09335308521986008
0.6420631579889535	0.4415902855936942	-0.09296716004610062
0.6417828628894932	0.4415902855936942	-0.09283561259508133
0.642285827515582	0.4415902855936942	-0.09262911230325699
0.6427895811057904	0.4415902855936942	-0.09199255704879761
0.6420668787490404	0.44191768481612104	-0.09386354684829712
0.6422161890180368	0.44240878364976133	-0.09391861408948898
0.6418619109870007	0.44286379416002036	-0.09404082596302032
0.6423542296131283	0.44286379416002036	-0.09402687102556229
0.6424952715539042	0.44286379416002036	-0.09393403679132462
0.6414735804281448	0.44296902962437185	-0.09404325485229492
0.6410345623352723	0.44309180433278195	-0.09428999572992325
0.641532259976837	0.44309180433278195	-0.09414856880903244
0.6412537302643093	0.44309180433278195	-0.0941191166639328
0.6411691686237684	0.44309180433278195	-0.09405864775180817
0.6410221324419892	0.443214579041192	-0.09449861943721771
0.6411567510960348	0.44330929095910837	-0.09462332725524902
0.6410044969887193	0.44361111211728316	-0.0947505533695221
0.6409399841740262	0.44403643878570376	-0.09521300345659256
0.641185467988728	0.44403643878570376	-0.09487736225128174
0.6412172505955135	0.4440699227970884	-0.095521941781044
0.640835832781018	0.44414358762213446	-0.0959734097123146
0.640558913608143	0.44414358762213446	-0.09570781141519547
0.6410531720291369	0.44414358762213446	-0.09569507837295532
0.6399345971942824	0.4443707589614845	-0.09628080576658249
0.6404268545767395	0.4443707589614845	-0.09608075022697449
0.6409198698612482	0.4443707589614845	-0.09602858871221542
0.6394942992445684	0.4444935336698945	-0.09633274376392365
0.6389750292109349	0.4448618577951248	-0.09742069244384766
0.6393002124536035	0.4448618577951248	-0.09737563878297806
0.6395114491193639	0.4448618577951248	-0.09705209732055664
0.6396881519874837	0.4448618577951248	-0.09695909917354584
0.6397709728445341	0.4448618577951248	-0.09675616770982742
0.6391873316860539	0.44503067301918864	-0.09819082915782928
0.6393373632639388	0.44529376168006735	-0.09899821877479553
0.6391069517316301	0.44529376168006735	-0.09834799915552139
0.6392719861309081	0.44529376168006735	-0.0982840433716774
0.6391358866151094	0.4463803178494965	-0.09923909604549408
0.6384985918771018	0.44646216765510316	-0.09949864447116852
0.6389845116578301	0.44646216765510316	-0.09937327355146408
0.6393019239117795	0.44646216765510316	-0.09936310350894928
0.6378664333810428	0.44710580476282863	-0.09955570846796036
0.6383511343182624	0.44710580476282863	-0.09951721876859665
0.6362236150839436	0.44719788579413616	-0.10013487190008163
0.636527119624017	0.44719788579413616	-0.10006452351808548
0.6370093371388836	0.44719788579413616	-0.10004790872335434
0.6370797482948661	0.44719788579413616	-0.0999206155538559
0.6375495681775959	0.44719788579413616	-0.09978307783603668
0.6363394503591716	0.44750482256516133	-0.10029274970293045
0.635882082635359	0.447781065659084	-0.10059566050767899
0.6363623561116697	0.447781065659084	-0.10029520094394684
0.635759443894681	0.44803538469793336	-0.10077263414859772
0.6357002234796049	0.44803538469793336	-0.10068138688802719
0.6360337214218686	0.4483300439981176	-0.10088244080543518
0.6361112960745102	0.449082001005644	-0.10106181353330612
0.6344092561254446	0.4491669988806971	-0.10254406929016113
0.6345516585330017	0.4491669988806971	-0.10206454992294312
0.6350276912850894	0.4491669988806971	-0.1020592600107193
0.6355044388010692	0.4491669988806971	-0.10187376290559769
0.6359819026919791	0.4491669988806971	-0.10183688253164291
0.6360841447240784	0.4491669988806971	-0.10155311971902847
0.6343951809479944	0.4500615003276847	-0.10290579497814178
0.6344957761433148	0.4500615003276847	-0.10288192331790924
0.6339900071349747	0.4505873853287079	-0.10343275964260101
0.6344306241474489	0.4505873853287079	-0.10327222943305969
0.6327447921946147	0.45088204462889203	-0.103846475481987
0.6327447921946147	0.45088204462889203	-0.10375282913446426
0.6332162860785153	0.45088204462889203	-0.10366692394018173
0.6333156270823024	0.45088204462889203	-0.10362705588340759
0.6337882506846026	0.45088204462889203	-0.10349166393280029
0.6322012797801145	0.4512503687541222	-0.10522173345088959
0.6325474021690465	0.4512503687541222	-0.10483091324567795
0.6330180475575651	0.4512503687541222	-0.10465595871210098
0.6317100792757662	0.4513636992541931	-0.10667598247528076
0.6315295971387304	0.4513636992541931	-0.10588774085044861
0.631998438710474	0.4513636992541931	-0.10547532886266708
0.6311203283565323	0.45167940564724757	-0.10726185142993927
0.6314643681059323	0.45167940564724757	-0.10676117986440659
0.6311191024539965	0.45204772977247776	-0.10985593497753143
0.6313931683503515	0.45204772977247776	-0.10776103287935257
0.6302144633384394	0.45208456218500076	-0.11051204055547714
0.6306795662634125	0.45208456218500076	-0.11006215214729309
0.6311453561941831	0.45208456218500076	-0.10995091497898102
0.630053483414006	0.4523605429398029	-0.11093121021986008
0.6303259035293124	0.45252424255101625	-0.11099077761173248
0.6303715119095762	0.4528181796470332	-0.11099383234977722
0.6300574709907768	0.4531251164180584	-0.11122332513332367
0.6305207485429759	0.4531251164180584	-0.11118783801794052
0.6295413974301329	0.4533706658348786	-0.11177098006010056
0.6296363691291286	0.4533706658348786	-0.11176329106092453
0.6298666309746495	0.4533706658348786	-0.11162208765745163
0.6303290881192711	0.4533706658348786	-0.11130528897047043
0.6285971477806217	0.45346274686618615	-0.112762451171875
0.6284475961476393	0.45346274686618615	-0.1127043142914772
0.6284683911740631	0.45346274686618615	-0.11228400468826294
0.628928133962047	0.45346274686618615	-0.11205709725618362
0.6293550567292323	0.45346274686618615	-0.11196012049913406
0.6280491083705645	0.4536206000627133	-0.11348190158605576
0.6282639157867723	0.4536206000627133	-0.11304674297571182
0.6285762891753842	0.4536206000627133	-0.11281456798315048
0.6283198149874709	0.45372105209686703	-0.11370077729225159
0.6285901278492982	0.45400752641649056	-0.11421044915914536
0.6281633044569568	0.4541916884791056	-0.1145770400762558
0.6285693501401054	0.4541916884791056	-0.11435434967279434
0.6276807681857423	0.4553118742425776	-0.11622012406587601
0.628136269468896	0.4553118742425776	-0.11463989317417145
0.6269980299262409	0.4556634563621155	-0.11651738733053207
0.6274523763247382	0.4556634563621155	-0.11642860621213913
0.6272679300493044	0.45585989589557163	-0.11689557880163193
0.6268746295455329	0.4558862047616594	-0.11705966293811798
0.6271442288016417	0.4561624478555821	-0.11713778227567673
0.6265087329931305	0.45653077198081227	-0.11854241788387299
0.6269607594960116	0.45653077198081227	-0.11796768754720688
0.6274134387447451	0.45653077198081227	-0.11723324656486511
0.6265376652220019	0.4567026565725864	-0.118934266269207
0.6265665557917965	0.45700959334361163	-0.11918198317289352
0.6259652139909936	0.4572376035163731	-0.11976370215415955
0.626415548677318	0.4572376035163731	-0.11921051144599915
0.6255267427031125	0.45751384661029576	-0.12075427919626236
0.6259757927696618	0.45751384661029576	-0.12043549120426178
0.6259944535403296	0.45751384661029576	-0.12006466835737228
0.625409188379697	0.4577204284022727	-0.12106974422931671
0.625409188379697	0.4577204284022727	-0.1210198923945427
0.625229647666197	0.4578755122444749	-0.12135913223028183
0.6256775199066456	0.4578755122444749	-0.1212482675909996
0.6253917730642959	0.4580955500335735	-0.12181925028562546
0.6254977237408278	0.4580955500335735	-0.12157343327999115
0.62565935036925	0.4586480362214188	-0.12274771183729172
0.6257837905188793	0.4587257935367452	-0.1230582743883133
0.6257837905188793	0.4587257935367452	-0.12301427125930786
0.6260507065028174	0.4590091197869224	-0.12448620051145554
0.6263172419935494	0.45921630210736436	-0.12468515336513519
0.6263153669159786	0.4593837221642872	-0.12551626563072205
0.6265833978040953	0.4593837221642872	-0.12504860758781433
0.6260025518954868	0.4594172061756717	-0.12638120353221893
0.6259143602538761	0.4594172061756717	-0.12564487755298615
0.6262681750830611	0.4597855303009019	-0.12673233449459076
0.6262083418925242	0.4600847936526515	-0.12802982330322266
0.6260320189597761	0.4600847936526515	-0.12796445190906525
0.6262100558526554	0.4600847936526515	-0.12766337394714355
0.626320504270369	0.4600847936526515	-0.12732703983783722
0.6264728795132655	0.46015845847769754	-0.12889188528060913
0.6253700018025542	0.46032587853462037	-0.1310761719942093
0.625654509762738	0.46032587853462037	-0.13043878972530365
0.6258854504236321	0.46032587853462037	-0.13041505217552185
0.6260922010364168	0.46032587853462037	-0.13019932806491852
0.6265349819423831	0.46032587853462037	-0.12918256223201752
0.624995819697271	0.46046400008158167	-0.13114774227142334
0.6252599071481885	0.46063588467335576	-0.13135956227779388
0.6255236229067049	0.4608092136734641	-0.13192026317119598
0.6255236229067049	0.4608092136734641	-0.1318829506635666
0.6243843398394029	0.46099337573607924	-0.13254103064537048
0.6247525872690654	0.46099337573607924	-0.13251914083957672
0.6249000031722165	0.46099337573607924	-0.13245268166065216
0.6253394546512405	0.46099337573607924	-0.13238193094730377
0.6237028601338579	0.4610470896710086	-0.1336812973022461
0.6238596245768389	0.4610470896710086	-0.13317756354808807
0.6242971137946347	0.4610470896710086	-0.13306711614131927
0.6237912416173191	0.46176795260181636	-0.13389116525650024
0.6209833971087391	0.462044195695739	-0.14035384356975555
0.6208930343223823	0.462044195695739	-0.13987429440021515
0.6213242100406617	0.462044195695739	-0.13978269696235657
0.6213274466934581	0.462044195695739	-0.13877873122692108
0.6217264094188228	0.462044195695739	-0.1379670798778534
0.6216951357533754	0.462044195695739	-0.13776765763759613
0.62212807108468	0.462044195695739	-0.1370965838432312
0.6224919233990248	0.462044195695739	-0.1368313878774643
0.6229260181852165	0.462044195695739	-0.1366291493177414
0.6233607188259599	0.462044195695739	-0.13651017844676971
0.6233980569863703	0.462044195695739	-0.13614138960838318
0.6238336950415669	0.462044195695739	-0.13486802577972412
0.623879499490314	0.462044195695739	-0.1342790275812149
0.6199430269856672	0.462251378016181	-0.14441269636154175
0.6201410986467952	0.462251378016181	-0.14252665638923645
0.6202241837772564	0.462251378016181	-0.14226152002811432
0.6206534046656835	0.462251378016181	-0.14125579595565796
0.6210755253675911	0.462251378016181	-0.14102376997470856
0.6212460558772014	0.462251378016181	-0.14079754054546356
0.620008135810581	0.46333840639602697	-0.14451466500759125
0.619977361171254	0.4636146494899496	-0.14654883742332458
0.6198877521851557	0.4636146494899496	-0.14640656113624573
0.6200977853720909	0.4636146494899496	-0.14630575478076935
0.6202389046253687	0.4639011238095732	-0.14672735333442688
0.6200295171212826	0.46440338398034164	-0.14774075150489807
0.6197148851521723	0.46477170810557183	-0.14848847687244415
0.6197480716220855	0.46477170810557183	-0.14799129962921143
0.6196781551316782	0.46480004073058956	-0.1500190794467926
0.6197602389143475	0.46480004073058956	-0.14959518611431122
0.6198996305219299	0.46480004073058956	-0.1490507274866104
0.6190580162015414	0.46486142808479464	-0.15087947249412537
0.6194820285414054	0.46486142808479464	-0.1501559168100357
0.6163991850148288	0.46517713447784903	-0.1700081080198288
0.6166475912419574	0.46517713447784903	-0.16822099685668945
0.6167789146260586	0.46517713447784903	-0.16741429269313812
0.6166838855411091	0.46517713447784903	-0.16403935849666595
0.6168480729633518	0.46517713447784903	-0.16293303668498993
0.6172674122379699	0.46517713447784903	-0.16080814599990845
0.617415213198676	0.46517713447784903	-0.16057248413562775
0.6177163808046655	0.46517713447784903	-0.1603093147277832
0.6176830359232882	0.46517713447784903	-0.15925593674182892
0.6181040877541834	0.46517713447784903	-0.1573592573404312
0.6185257140077675	0.46517713447784903	-0.15735608339309692
0.6183628354117707	0.46517713447784903	-0.15514391660690308
0.6186432798295437	0.46517713447784903	-0.15376584231853485
0.6188952574644238	0.46517713447784903	-0.153252512216568
0.6193185784339617	0.46517713447784903	-0.15103872120380402
0.6160913226384743	0.46521805938065236	-0.1713983118534088
0.6165084460796649	0.46521805938065236	-0.17064303159713745
0.6157993073376116	0.46556533641301223	-0.17226453125476837
0.6162156692763118	0.46556533641301223	-0.17220155894756317
0.6142217024483478	0.4655813505054136	-0.19843484461307526
0.6146350414136563	0.4655813505054136	-0.19425521790981293
0.6147048845367866	0.4655813505054136	-0.19337649643421173
0.6150629516198078	0.4655813505054136	-0.1919606775045395
0.6150629516198078	0.4655813505054136	-0.18531115353107452
0.614890745016632	0.4655813505054136	-0.1813742220401764
0.6153056510524056	0.4655813505054136	-0.18062274158000946
0.6153056510524056	0.4655813505054136	-0.17457044124603271
0.6157211173934268	0.4655813505054136	-0.1741284877061844
0.6118389208643533	0.46565501533045967	-0.22858725488185883
0.6116906648988454	0.46565501533045967	-0.21523205935955048
0.6121003706355492	0.46565501533045967	-0.2143266648054123
0.6125106255756535	0.46565501533045967	-0.21327561140060425
0.6129214308241951	0.46565501533045967	-0.20510299503803253
0.6131192426447605	0.46565501533045967	-0.201785609126091
0.6135310084222251	0.46565501533045967	-0.2012079358100891
0.6139433276483153	0.46565501533045967	-0.1986551135778427
0.6112441683537353	0.46576551256802873	-0.24293720722198486
0.6116527540277685	0.46576551256802873	-0.2291461080312729
0.6102814923554575	0.4659233657645559	-0.3085215985774994
0.6106883466836944	0.4659233657645559	-0.27341657876968384
0.6110957438462586	0.4659233657645559	-0.271396666765213
0.6115036849302681	0.4659233657645559	-0.24439391493797302
