token:117 count: 14; Line: 51:     1,  5934, 117, 1649, 117, 1649, 117, 1649, 117, 1649, 117, 1649, 117, 1649, 117, 1649, 117, 1649, 117, 1649, 117, 1649, 117, 1649, 117, 1649, 117, 1649, 117, 1649, 2, 3, 1940, 26996, 18888, 4, 5, 1123, 2027, 6, 102, 102, 102, 102, 102, 102, 102, 102, 102, 102
token:117 count: 18; Line: 51:
token:1649 count: 22; Line: 51:
token:1103 count: 9; Line: 148:     1,  1131, 2, 3, 1688, 4, 5, 1103, 2453, 112, 1116, 18102, 1806, 2300, 1684, 1120, 1103, 1951, 1104, 1103, 2534, 1104, 1806, 2300, 1684, 1120, 1103, 1951, 1104, 1103, 2534, 1104, 1806, 2300, 1684, 1120, 1103, 1951, 1104, 1103, 2534, 1104, 1806, 2300, 1684, 1120, 1103, 1951, 1104, 1103, 102
token:1129 count: 42; Line: 340:
token:27146 count: 13; Line: 543:     1,  1152, 2, 3, 1132, 25839, 4, 5, 1164, 5385, 28136, 22682, 2115, 2235, 10080, 22681, 1733, 1105, 10423, 28136, 7629, 1568, 2177, 2164, 1105, 2115, 2235, 7085, 26604, 2724, 1495, 1116, 5440, 1114, 122, 28138, 1545, 27146, 27146, 27146, 27146, 27146, 27146, 27146, 27146, 27146, 27146, 27146, 27146, 27146
token:27146 count: 26; Line: 543:
token:27146 count: 29; Line: 543:
token:27146 count: 29; Line: 543:
token:27146 count: 29; Line: 543:
token:28148 count: 34; Line: 544:
