Precision	Recall	Confidence
0.8461538461538461	0.0007031642390758413	-3.878275674651377e-05
0.8936651583710407	0.0010498222392925026	-4.876577077084221e-05
0.8814910579616462	0.0017864704897529078	-4.936400000588037e-05
0.9111182934712347	0.0021547946149831102	-4.947888010065071e-05
0.9066724125547655	0.002482193837409957	-5.2165985835017636e-05
0.9094064976417918	0.0028221853376224518	-5.640224844682962e-05
0.9113594155610963	0.0031621768378349464	-5.803789463243447e-05
0.8455164116928824	0.0034691136088601153	-6.228969141375273e-05
0.8626812548381176	0.003837437734090318	-6.349086470436305e-05
0.8764131293543059	0.004205761859320521	-6.980895705055445e-05
0.8876482994130054	0.004625242113054918	-8.413350587943569e-05
0.8970109411285883	0.005177728300900222	-8.652521501062438e-05
0.9049331764263892	0.005750676940147204	-8.929859177442268e-05
0.8799776320784725	0.006063632079231689	-0.0001342296600341797
0.8137304280686635	0.006321458966892831	-0.0001853761204984039
0.867979123273241	0.006321458966892831	-0.0001707613409962505
0.8204857810394144	0.006786248934445231	-0.00019026212976314127
0.8137921265372247	0.007044075822106372	-0.00019221202819608152
0.8183293830352655	0.007412399947336575	-0.00022572588932234794
0.8274129138835022	0.007780724072566777	-0.00022668838209938258
0.8324567433811132	0.008124493256114966	-0.00023826956748962402
0.8400723459546989	0.008492817381345169	-0.0002460479736328125
0.8470257222175381	0.008861141506575371	-0.00025624813861213624
0.8504234599822835	0.009439936560508549	-0.00035404617665335536
0.8564065215829921	0.010158168604707443	-0.00037430162774398923
0.8516729374195438	0.010510122768816303	-0.00038414294249378145
0.8412935164569151	0.011492320436096843	-0.00042510591447353363
0.8310885892818666	0.01209391650730617	-0.00044715404510498047
0.8295239581243637	0.012383314034272761	-0.0004650751652661711
0.8240953817424406	0.012751638159502964	-0.0005331663996912539
0.8251614293360024	0.013067344552557422	-0.0006076693534851074
0.8280209680025856	0.013404975000685106	-0.0006114296265877783
0.8215774421656775	0.01386538015722286	-0.0006711312453262508
0.8209428115137458	0.01416003945740702	-0.000685572624206543
0.8260587311847817	0.014528363582637226	-0.0006989188841544092
0.8308904330963155	0.014896687707867428	-0.000759248505346477
0.825922011216129	0.015166792066369577	-0.0007777895079925656
0.8294503793420203	0.015520383226590571	-0.000848977011628449
0.830974443689376	0.015847782449017418	-0.0009329795720987022
0.8322589061265532	0.016172774324220537	-0.0009442901355214417
0.8194645988476691	0.016495057933796964	-0.000970180204603821
0.8237630607798675	0.016863382059027168	-0.0009820244740694761
0.8278615942501031	0.01723170618425737	-0.0009921578457579017
0.831773830744419	0.017600030309487574	-0.0009950215462595224
0.8266233011723207	0.017968354434717775	-0.001055637956596911
0.8153421926184075	0.0182906380442942	-0.0010658110259100795
0.8169070159433114	0.018585297344478363	-0.0010928154224529862
0.8194193697778257	0.018953621469708564	-0.0010967254638671875
0.81698223978236	0.01969026972016897	-0.0011969173792749643
0.8146425949867127	0.020345068165022663	-0.0012272283202037215
0.8166430669804372	0.02068269861315035	-0.001233005546964705
0.811515315692352	0.021787670988840956	-0.0012536137364804745
0.8127131399245716	0.022294116661032485	-0.0012648265110328794
0.8118241166362081	0.02263613192017482	-0.0012712478637695312
0.8145461956344309	0.022990289732896164	-0.001282036304473877
0.8129877408422576	0.023698605358338863	-0.0012914784019812942
0.8162686576695863	0.024066929483569064	-0.0013077805051580071
0.8147342450765372	0.024835148373334916	-0.0013524055248126388
0.8154530351115596	0.025166640086042094	-0.001361846923828125
0.8161478654787478	0.025482346479096557	-0.0014028963632881641
0.8144779941477146	0.02600852380085399	-0.0015058015706017613
0.8144779941477146	0.02600852380085399	-0.0014830997679382563
0.817470284564687	0.02637684792608419	-0.001511200563982129
0.8203675816350887	0.026745172051314395	-0.0015317898942157626
0.8231743381720404	0.027113496176544596	-0.0016005834331735969
0.8246126816873424	0.027451126624672285	-0.0017893941840156913
0.8209569339850088	0.027665982364389906	-0.0018304189434275031
0.8208307110897102	0.02796524571613944	-0.001863775309175253
0.821259671220744	0.028278321222585116	-0.0018731927266344428
0.8238501107682694	0.02864664534781532	-0.001905977725982666
0.8263665377572942	0.029666113908720343	-0.0019827939104288816
0.8275316697479084	0.030279987450770682	-0.0020078818779438734
0.8212465076680764	0.031083603724000215	-0.002018829807639122
0.8236951856452259	0.03145192784923042	-0.002022610977292061
0.8260776831365068	0.03208421759754226	-0.0020416597835719585
0.8257299806946866	0.03237887689772642	-0.0021643107756972313
0.8270831576404332	0.03272089215686875	-0.0022474867291748524
0.8288093503983497	0.03332003273390988	-0.0022615157067775726
0.8310041023163194	0.03368835685914008	-0.0022723388392478228
0.8331432908945938	0.034056680984370286	-0.00237675360403955
0.8313828459122575	0.03446833735962757	-0.00239695911295712
0.830243927256336	0.035184523158686296	-0.0024920348078012466
0.831376036961465	0.03547918245887046	-0.002553886268287897
0.8328339275086878	0.03582996734004208	-0.00256515946239233
0.8325918569431081	0.036566615590502484	-0.002626739675179124
0.828369414044087	0.038277861169151384	-0.0026338924653828144
0.8297837231831093	0.03897767700708877	-0.002817909000441432
0.8243027743703216	0.039910764791005277	-0.0029318109154701233
0.8176413250944684	0.04009492685362038	-0.002984211314469576
0.8078048512034803	0.040371169947543036	-0.0030486686155200005
0.8168813102057667	0.040371169947543036	-0.0030169053934514523
0.8080853839741381	0.04063425860842175	-0.0031289493199437857
0.8081951278242215	0.0409105017023444	-0.003248840570449829
0.8094894966494602	0.04120976505409394	-0.003256341675296426
0.8031905797100812	0.04397219599332046	-0.003266166429966688
0.8040926671751213	0.044299595215747306	-0.0033053220249712467
0.7968855081518291	0.04463443532959294	-0.0036385185085237026
0.805186398861744	0.04463443532959294	-0.0033949746284633875
0.7929557040470385	0.045371083580053345	-0.00372927519492805
0.7897560552808107	0.046257014714603265	-0.003783456515520811
0.7908584947280025	0.046853030117248506	-0.003793060779571533
0.7909490046811906	0.04714768941743266	-0.0038008689880371094
0.792018132086277	0.047479181130139846	-0.003849522676318884
0.7873626162407792	0.04774226979101857	-0.003993572201579809
0.7894072064692332	0.048110593916248764	-0.004065580200403929
0.7873312194688461	0.04847891804147897	-0.004097375553101301
0.7827747723614695	0.04871330612117091	-0.004105567932128906
0.7788575909715154	0.04895885553799106	-0.0041183894500136375
0.7809052058699273	0.049779213816912866	-0.004280019085854292
0.7823755844453246	0.050089381501317254	-0.004284066613763571
0.7802217568181357	0.05080629810221175	-0.004407528787851334
0.7801997389889433	0.051215547130245315	-0.004427909851074219
0.7802825420712789	0.05144574970851419	-0.004763567820191383
0.7790663880959326	0.051682529503305034	-0.004767594393342733
0.7771057667578591	0.05182419262839357	-0.004767894744873047
0.7790439774817038	0.052334179878712306	-0.004800212569534779
0.7801650717197142	0.05266901999255794	-0.004813324194401503
0.7801446674979882	0.0528673483676819	-0.004923764616250992
0.7820078482819036	0.053235672492912105	-0.0049462998285889626
0.779638034430795	0.05434064486860271	-0.004946358501911163
0.7814743841438717	0.054708968993832915	-0.004984785802662373
0.783280380969129	0.05505273817738111	-0.005074467044323683
0.7850567712890542	0.055421062302611304	-0.005115760024636984
0.7868042772135334	0.05578938642784151	-0.005119548179209232
0.7822154087781169	0.05615771055307172	-0.0054418123327195644
0.7885235975585856	0.05615771055307172	-0.005414778832346201
0.7839438579147985	0.056526034678301924	-0.005506634712219238
0.7856450873800362	0.05687389635213044	-0.005596495699137449
0.7801090616620734	0.057189602745184906	-0.005772771313786507
0.7862036637063083	0.057189602745184906	-0.005758632440119982
0.7794928381108266	0.05744742963284606	-0.0058186473324894905
0.7771584211063647	0.05800788820435435	-0.005933514330536127
0.7782153017545488	0.05857454070470851	-0.005939029622823
0.7785158018780621	0.05901401835413091	-0.0059467488899827
0.7750626203243767	0.059767408610283596	-0.005959152244031429
0.7767288231367886	0.0601357327355138	-0.005972936749458313
0.7771450327705868	0.06113546964685292	-0.006053793244063854
0.7740271858160569	0.06150379377208313	-0.006118581630289555
0.77163890508148	0.062119111722467694	-0.006197161506861448
0.7692849880984798	0.0624874358476979	-0.006256795953959227
0.7624430464882199	0.06284985102974258	-0.006490103434771299
0.7675716079313898	0.06284985102974258	-0.006358752958476543
0.7611508234032398	0.06492678984701289	-0.0066503603011369705
0.7567022162465739	0.06497940757918863	-0.006786581128835678
0.7552352185327403	0.06514940332929489	-0.006840161047875881
0.7553005334556383	0.06608104670487716	-0.006996974814683199
0.7553959460294406	0.06674328604114964	-0.007014421280473471
0.7563796470768593	0.06698006583594049	-0.007047288119792938
0.7572308179829377	0.0673050577111436	-0.007136004976928234
0.7564196288445532	0.06763654942385078	-0.007155636791139841
0.7580434979855893	0.06800487354908098	-0.007260027341544628
0.7568864770276273	0.06824019174020028	-0.007306904066354036
0.7575887789132111	0.06895842378439918	-0.007468764204531908
0.7591731659791379	0.06930508178461584	-0.00756252883002162
0.760146657817526	0.06963992189846147	-0.007761627901345491
0.7616940987348323	0.07109548427483417	-0.007817452773451805
0.7601852634190558	0.07175772361110665	-0.008097655139863491
0.760438860467342	0.07213423271689752	-0.008201941847801208
0.7573520782664556	0.07516987111165192	-0.008239904418587685
0.7588781658245283	0.07534500562217804	-0.008263877592980862
0.7588226772881249	0.07556600009731616	-0.008284456096589565
0.7532859137115581	0.07688485893871062	-0.008433501236140728
0.7579647082066608	0.07688485893871062	-0.008327381685376167
0.7547994970630209	0.07722485043892313	-0.008536389097571373
0.7532458415931244	0.07820306191437217	-0.008629712276160717
0.7525374645917335	0.07848953623399565	-0.008678312413394451
0.74951306381818	0.07885786035922586	-0.008759677410125732
0.7540282027568437	0.07885786035922586	-0.008714849129319191
0.7510040574859288	0.07917356675228032	-0.008768808096647263
0.7502584713469588	0.07940376933054921	-0.008978467434644699
0.7499175844114336	0.0797192822760589	-0.00901625957340002
0.7492535262357156	0.07995367035575084	-0.009044711478054523
0.7479981762769807	0.08010100000584293	-0.009061398915946484
0.7481411190310288	0.08066185719653438	-0.009146719239652157
0.7465234497645667	0.0811008697902431	-0.009158769622445107
0.7479718871944835	0.08176736106446919	-0.00924023985862732
0.7494038651081514	0.08193735681457544	-0.009246250614523888
0.7491001832369926	0.08257169280802745	-0.009300924837589264
0.7492132764167329	0.08285501905820454	-0.009383813478052616
0.7478210234758572	0.08303918112081964	-0.00947479996830225
0.7457132458600559	0.08340750524604984	-0.009548861533403397
0.7465656588663538	0.08373899695875703	-0.00971132144331932
0.746859254147308	0.08403365625894119	-0.009725149720907211
0.7443393362870182	0.08417237573467723	-0.009965452365577221
0.7457287964158931	0.08460208721411247	-0.009968280792236328
0.746524084775035	0.08493094804021087	-0.009997171349823475
0.7478868585128036	0.08529927216544107	-0.010032097809016705
0.7481655384138047	0.0855448215822612	-0.010125319473445415
0.749505083422242	0.08591314570749141	-0.010136771947145462
0.7483884509092223	0.08668048763505432	-0.010159939527511597
0.7497127222202264	0.08704881176028452	-0.010165234096348286
0.7498596596838786	0.08733528607990801	-0.010322117246687412
0.7501208072896918	0.08751944814252312	-0.010371534153819084
0.7493429792726467	0.0883021369086373	-0.010416590608656406
0.7471985996544027	0.0886704610338675	-0.010430490598082542
0.7449447212340843	0.08889712203400917	-0.010508190840482712
0.745565751567924	0.08921633627587534	-0.010514789260923862
0.7416422879878728	0.08952327304690051	-0.0105480020865798
0.7454069696527859	0.08952327304690051	-0.010521805845201015
0.7429405679477327	0.0899968326364822	-0.01056444738060236
0.7407883651079941	0.09038561921311408	-0.010566593147814274
0.7400879254805912	0.09084602436965185	-0.01064609456807375
0.7406674053403054	0.09104692843795922	-0.01072849053889513
0.7419449058066092	0.09163624703832754	-0.010880193673074245
0.7427642489599636	0.09197108715217318	-0.01090206578373909
0.7436125534365817	0.09300853343823826	-0.010962418280541897
0.744000499350796	0.0941903861670523	-0.011108191683888435
0.7449151507226923	0.09453415535060049	-0.011121576651930809
0.7459812637801153	0.09489020200498967	-0.011243283748626709
0.7449883464340935	0.09517667632461316	-0.011244122870266438
0.7455224155327065	0.09545291941853581	-0.011280195787549019
0.7467284704353951	0.09568531440231202	-0.011292664334177971
0.7474943309950911	0.09617800771268488	-0.011415827088057995
0.7478973310060686	0.09648494448371005	-0.011567393317818642
0.7482965646618035	0.09665236454063286	-0.011666679754853249
0.7425756222353859	0.09769185707183811	-0.011732702143490314
0.7460294623388062	0.09769185707183811	-0.01173014473170042
0.7437619096905222	0.09794968395949927	-0.0117989182472229
0.7446506165268043	0.09829498782690259	-0.01189535204321146
0.7437871687598122	0.09849961234091936	-0.011913042515516281
0.7449517725381769	0.0989784337037186	-0.011991394683718681
0.7461058369158322	0.09950461102547602	-0.011997111141681671
0.7472495043171122	0.09987293515070625	-0.012030146084725857
0.7478223764950623	0.10019521876028267	-0.01207195594906807
0.7487355844231243	0.10054600364145427	-0.012142423540353775
0.7488646608380338	0.10091432776668448	-0.012278801761567593
0.7487959381499599	0.10165097601714489	-0.012289359234273434
0.7499025639730879	0.10216662979246718	-0.012348497286438942
0.7509994825521533	0.10239551644385725	-0.012372970581054688
0.7497578545351862	0.10295823385740338	-0.012383544817566872
0.7508458638632939	0.10332655798263359	-0.012554009445011616
0.7499764012491672	0.10432307936589533	-0.012612594291567802
0.7510540891748172	0.10469140349112553	-0.01279921643435955
0.748648175446497	0.10577006700072827	-0.012839125469326973
0.7497223285428795	0.10701422901837096	-0.012859578244388103
0.74936890019447	0.10725977843519108	-0.012970328330993652
0.7473086840696496	0.10787365197724143	-0.013241373002529144
0.7483748921537439	0.10885112754035234	-0.013263264670968056
0.74913202045802	0.10940361372819762	-0.01347254030406475
0.7498330022413197	0.10974124417632532	-0.013481521978974342
0.7477596993181552	0.1100948353365463	-0.013853074051439762
0.7477596993181552	0.1100948353365463	-0.013752411119639874
0.7508753647319808	0.1100948353365463	-0.013736164197325706
0.7484263572097782	0.1106280038255159	-0.013940245844423771
0.7480898975779136	0.11087355324233604	-0.014074889943003654
0.7487807859758182	0.11105771530495114	-0.01409311406314373
0.7484456263051686	0.11171251374980483	-0.014135735109448433
0.7494682050600258	0.112505201213763	-0.014137334190309048
0.7484582123269892	0.1131748814414543	-0.014140225015580654
0.7494724937288965	0.1149420931534174	-0.014282822608947754
0.7504786282922342	0.1153104172786476	-0.014351844787597656
0.7501433804457319	0.11551132134695496	-0.014364265836775303
0.7478274276908716	0.11584895179508266	-0.014507699757814407
0.7508068198330663	0.11584895179508266	-0.014444256201386452
0.7469713904272713	0.11617850495976231	-0.014535014517605305
0.7455447919791931	0.11765180146068317	-0.014712285250425339
0.7465426555400588	0.11787846246082484	-0.014717843383550644
0.7475327232918555	0.11824678658605504	-0.014732122421264648
0.7463750084152335	0.11918601310539202	-0.014815138652920723
0.7447740716901099	0.12013151327741153	-0.01492631807923317
0.7456164998417425	0.12048619576837395	-0.015041309408843517
0.7448197499902802	0.12095580902804245	-0.015124548226594925
0.7457974520975971	0.12118247002818414	-0.015204492956399918
0.740316102651988	0.12137072458107957	-0.015386498533189297
0.7431417366315757	0.12137072458107957	-0.01536821760237217
0.7412997537783063	0.12194951963501274	-0.015435723587870598
0.7413021527597881	0.12299929724047515	-0.015485657379031181
0.7367353376169546	0.12336762136570535	-0.01583068072795868
0.7394946459975424	0.12336762136570535	-0.015613555908203125
0.7422747010576836	0.12336762136570535	-0.015593846328556538
0.7349817425234957	0.12373594549093554	-0.015837183222174644
0.7377140166592707	0.12373594549093554	-0.01583300717175007
0.7356242117728218	0.12404288226196074	-0.016283247619867325
0.7351190282921907	0.12434131924548059	-0.01634327508509159
0.7356157894256178	0.12434131924548059	-0.016308264806866646
0.7357539621637188	0.1250428890078238	-0.016398543491959572
0.7367148568467599	0.12541121313305398	-0.016398854553699493
0.7355827103518167	0.12646707562538057	-0.016399824991822243
0.7365372854046982	0.12711433527234944	-0.016471413895487785
0.7341899995529865	0.12751118281468501	-0.016718948259949684
0.7368309707744001	0.12751118281468501	-0.01658404991030693
0.7351393209831544	0.12787950693991523	-0.01684490218758583
0.7346583981326804	0.12814961129841737	-0.016975395381450653
0.7355993257988767	0.1286879311737538	-0.01713404431939125
0.7358268900186686	0.12893348059057394	-0.01720392145216465
0.7367570770256451	0.1294245794242142	-0.01733267866075039
0.7376807364045025	0.12959646401598832	-0.017402172088623047
0.7378986359275638	0.12991217040904277	-0.017409713938832283
0.7366341807501158	0.1301331648841809	-0.017432542517781258
0.7363912379928815	0.13028049453427298	-0.01744328998029232
0.7358616258660319	0.13077797127484364	-0.017472267150878906
0.7367724478458041	0.13103579816250477	-0.01773187518119812
0.7376770098806983	0.13139653914398025	-0.017841145396232605
0.7364349653263124	0.13191833165472303	-0.017884353175759315
0.7373345046937994	0.13220992158719694	-0.017995867878198624
0.7363382799990736	0.13234385763273518	-0.018004760146141052
0.7347413997288097	0.13271218175796543	-0.01804490014910698
0.7372320485414496	0.13271218175796543	-0.018017316237092018
0.7337979790379566	0.13286565014347798	-0.018060309812426567
0.7333489925311178	0.1330037716904393	-0.018064599484205246
0.7342408019206459	0.13322476616557744	-0.018124917522072792
0.7330007902641569	0.13359309029080765	-0.018268460407853127
0.7351266659142437	0.13359309029080765	-0.018264321610331535
0.7338848936076531	0.13396141441603784	-0.01828140765428543
0.7321268789567256	0.13445251324967813	-0.018320955336093903
0.7319028752569127	0.13445251324967813	-0.018299702554941177
0.7315479565849184	0.13465772240516355	-0.018322328105568886
0.7324252508444449	0.13501131356538454	-0.01833391562104225
0.7328896637081438	0.13529778788500804	-0.01858980394899845
0.7334863422891778	0.1355829159907235	-0.01873132772743702
0.7343488460358147	0.13586939031034698	-0.01876380294561386
0.7348662266682968	0.13619894347502665	-0.0188443586230278
0.7352240646730734	0.13648834100199322	-0.01888185180723667
0.735672064465788	0.13681062461156965	-0.018948828801512718
0.7357178406176544	0.13791559698726025	-0.019164737313985825
0.7361920366176473	0.13824142217496388	-0.019196217879652977
0.7366560394892626	0.13884265714408967	-0.019435809925198555
0.7325925477107347	0.13989567615290976	-0.0194564126431942
0.7349108785579206	0.13989567615290976	-0.019445814192295074
0.7334334516487513	0.14020733502810456	-0.019550899043679237
0.7330151649664668	0.1404283295032427	-0.01965159736573696
0.7329566354330895	0.14050839996524925	-0.019663678482174873
0.7332221344447678	0.1417712255374671	-0.019753074273467064
0.7339565283430666	0.14212838832556912	-0.019757939502596855
0.7332322047259053	0.14231255038818422	-0.019854385405778885
0.7334382781681094	0.14285420351352277	-0.019859738647937775
0.7320061414922314	0.14322252763875298	-0.019955817610025406
0.7342584680814382	0.14322252763875298	-0.019876742735505104
0.732825694576353	0.14376975205338072	-0.019982418045401573
0.7326239902229698	0.14439239521746033	-0.019994497299194336
0.7334366832618058	0.14476071934269055	-0.020015418529510498
0.7330323296761639	0.14498171381782865	-0.020076191052794456
0.7329756933758906	0.14526504006800575	-0.020076632499694824
0.7334453114346647	0.14571852410127528	-0.020207995548844337
0.7338453755644905	0.14623273346826335	-0.020259715616703033
0.7334907026298202	0.14665952174035551	-0.02032700553536415
0.7342862527712237	0.1470278458655857	-0.02036054991185665
0.7343330198760712	0.1471282978997394	-0.020449291914701462
0.7346528188175604	0.14732473743319552	-0.020567774772644043
0.7332189347382185	0.14798772085860987	-0.020619895309209824
0.7332684364056573	0.14865070428402424	-0.020721018314361572
0.73190029308363	0.14901902840925443	-0.020781733095645905
0.7340529410044643	0.14901902840925443	-0.020742177963256836
0.7319147428268451	0.14929042513310828	-0.02078687772154808
0.7326963324979039	0.14961782435553514	-0.020805874839425087
0.7316565175778518	0.14980198641815023	-0.020908143371343613
0.7309850494109595	0.15034331126886738	-0.020921548828482628
0.7314998062308437	0.150840788009438	-0.02110111713409424
0.7314998062308437	0.150840788009438	-0.021066568791866302
0.7322735820053945	0.15120911213466823	-0.021142080426216125
0.7330429107927353	0.15157743625989842	-0.021144673228263855
0.7333302759003015	0.15180763883816728	-0.021144850179553032
0.7332518532632755	0.1520676323383298	-0.02130122482776642
0.7333543572973709	0.1523307209992085	-0.021332604810595512
0.7338751309035335	0.15258394383530424	-0.021402951329946518
0.734629025716838	0.15296590959480225	-0.021471800282597542
0.7353786612374117	0.15333423372003244	-0.021485278382897377
0.7343400359005927	0.15472489339798495	-0.021624689921736717
0.7345755465249781	0.15502624950044602	-0.021741958335042
0.7341656298515684	0.1561985330290625	-0.02175012044608593
0.7302745360123635	0.1563432317925458	-0.021778779104351997
0.7323144090179846	0.1563432317925458	-0.02177153341472149
0.7299821067456624	0.15694175849604486	-0.021997012197971344
0.7304782530125469	0.1573794142213184	-0.02200889028608799
0.7312227882252194	0.1577477383465486	-0.022035788744688034
0.7307388564547794	0.15840527241324742	-0.022124361246824265
0.7314785848711126	0.15864359978839637	-0.022148795425891876
0.7322142599810548	0.15901192391362656	-0.022168247029185295
0.732945915008429	0.15931886068465176	-0.02217058092355728
0.7334011032509128	0.15965035239735892	-0.022234026342630386
0.7329609605013955	0.16033033539778394	-0.022249221801757812
0.7315788619434028	0.16068191751732183	-0.02248440496623516
0.7335614604852548	0.16068191751732183	-0.0224600899964571
0.7300351285159891	0.1610093167397487	-0.02255121059715748
0.7320028781885389	0.1610093167397487	-0.022513117641210556
0.7307588949274744	0.16134415685359435	-0.02256881073117256
0.7301418925346201	0.1618107007455526	-0.02263188362121582
0.7270675947713694	0.1619948628081677	-0.022812090814113617
0.7290064416907597	0.1619948628081677	-0.022809553891420364
0.7269957974377583	0.16294855920385304	-0.02284308336675167
0.7266357796956189	0.1631879698852527	-0.022893453016877174
0.7265452042671549	0.16348932598771376	-0.022964030504226685
0.7269724244898436	0.16395996236995236	-0.022977015003561974
0.7274265651079803	0.1646052116708186	-0.022990509867668152
0.7273765828258477	0.16482883703256548	-0.02304067648947239
0.7271092810430126	0.16544271057461582	-0.023075800389051437
0.7275305821051113	0.16577010979704268	-0.023086905479431152
0.727990923202921	0.16631669335467597	-0.023249883204698563
0.7268126755377897	0.16682101407999117	-0.023306332528591156
0.7286956099303746	0.16682101407999117	-0.02325117029249668
0.7275167665802182	0.1671893382052214	-0.023414861410856247
0.7265034415590179	0.1679259864556818	-0.02353581413626671
0.7248333472287928	0.16804876116409187	-0.023678747937083244
0.7266918942729692	0.16804876116409187	-0.023574352264404297
0.7255353029756582	0.16841708528932206	-0.023679692298173904
0.7252158747238118	0.16909234618557745	-0.023692067712545395
0.7257017904394027	0.1699210754673454	-0.023695247247815132
0.7263962162863915	0.17020216493133686	-0.02376057393848896
0.727087134932133	0.17060196975103117	-0.023822376504540443
0.7277745728794072	0.17070720521538266	-0.023861080408096313
0.7280618359203078	0.17102641945724883	-0.023975523188710213
0.728165016204294	0.1713097457074259	-0.024022569879889488
0.7277334925526721	0.17140667310880228	-0.024118192493915558
0.7276999569460212	0.17152306991028196	-0.024198370054364204
0.7276999569460212	0.17152306991028196	-0.024153435602784157
0.7283773202372003	0.17165700595582023	-0.024251410737633705
0.7286968376985047	0.17184116801843533	-0.02427368238568306
0.7281307564170728	0.1726555735842221	-0.024295568466186523
0.7288020384999937	0.1730238977094523	-0.024389414116740227
0.7252207017014679	0.17323436863815528	-0.024800805374979973
0.7270069595874321	0.17323436863815528	-0.024391349405050278
0.7250188302337122	0.17420741205086138	-0.02482599765062332
0.7248761599071423	0.17554677250624393	-0.024838300421833992
0.7248967871594013	0.176630066130974	-0.0248686783015728
0.7244955784315196	0.17765961975721273	-0.0249067023396492
0.7251642784838702	0.17802794388244295	-0.02491280436515808
0.7248208621517865	0.17849672004182682	-0.025187743827700615
0.7240152667065555	0.178828211754534	-0.0253254696726799
0.7230738644574634	0.17993485833079384	-0.025462402030825615
0.7226711762149106	0.18068378405209526	-0.025546804070472717
0.7225983621048213	0.1809387776772546	-0.02555803582072258
0.7211687009514606	0.1812334369774388	-0.025610176846385002
0.7201155166612154	0.18163859351519202	-0.02587154321372509
0.7218341694456097	0.18163859351519202	-0.025820277631282806
0.7204409972799369	0.18179644671171927	-0.025896942242980003
0.7211034593716906	0.18203289007599746	-0.02596394345164299
0.7210674756685451	0.1823485964690519	-0.026101181283593178
0.721725335395742	0.18271692059428213	-0.026115048676729202
0.7218572234954644	0.1830033949139056	-0.026124443858861923
0.7223797287089597	0.18360908347539528	-0.026170291006565094
0.7226395732162767	0.18401647228057413	-0.0262447576969862
0.7219246832477028	0.18416994066608675	-0.026321297511458397
0.7225728774592466	0.18477869859528664	-0.026353491470217705
0.7232180568139925	0.18514702272051686	-0.026638280600309372
0.7222361123666283	0.1852391037518244	-0.026742886751890182
0.7206322504157432	0.18551534684574705	-0.026886971667408943
0.7223003806250389	0.18551534684574705	-0.026820702478289604
0.7210839426190864	0.18579712387357095	-0.026951631531119347
0.7217251289578929	0.18616544799880114	-0.026964010670781136
0.722363374074962	0.18653377212403136	-0.02697492018342018
0.7221185714234967	0.18680647363982678	-0.02701142430305481
0.7220815024315279	0.18771149863324957	-0.027017556130886078
0.7213184392692547	0.18825644036684908	-0.02708599343895912
0.7214972609981881	0.18844060242946417	-0.02719167061150074
0.721372928584738	0.18876800165189103	-0.027287786826491356
0.7220033065743653	0.18913632577712125	-0.02733190916478634
0.7219536377107663	0.18932899532632452	-0.027382731437683105
0.7213624346065965	0.18995562468223567	-0.027400843799114227
0.7210522568509263	0.19018582726050456	-0.027430301532149315
0.7211602804212848	0.19059192821909168	-0.027462569996714592
0.7217840829259351	0.19089525396928125	-0.02758096344769001
0.721546584114459	0.19167867353723123	-0.027616024017333984
0.7221667476242264	0.19200095714680762	-0.027618026360869408
0.7212456933132667	0.19255344333465294	-0.027640337124466896
0.721863773815898	0.19292176745988313	-0.027642568573355675
0.721741656322205	0.19513171221126435	-0.02767096646130085
0.7220799749616704	0.1955042218379176	-0.027787134051322937
0.7206468220904523	0.19553053070400553	-0.02781561203300953
0.720461584319624	0.19663550307969613	-0.028008364140987396
0.7210746071610284	0.1970213664489849	-0.028113437816500664
0.7216849471891225	0.19731602574916904	-0.02820616029202938
0.7222926219769191	0.19768434987439926	-0.02825210988521576
0.7221714325317986	0.19830699303847887	-0.02825590781867504
0.7227754076784687	0.19867531716370912	-0.02826729230582714
0.7226536967435189	0.19929737568632014	-0.028307151049375534
0.7225325126957335	0.19968074513046305	-0.02833106555044651
0.7228118201237165	0.19999618168899355	-0.028342269361019135
0.723213283677525	0.20071748310090268	-0.028379475697875023
0.7233784164007993	0.20084025780931272	-0.028448261320590973
0.7227202366803397	0.2015698903621497	-0.028463682159781456
0.7225109856381977	0.20175405242476477	-0.028578678146004677
0.7215621114990156	0.20203029551868742	-0.028632894158363342
0.7231039108825605	0.20203029551868742	-0.02858988381922245
0.7219417665809327	0.20285598916206066	-0.028645284473896027
0.7210013353666067	0.20322431328729082	-0.028683841228485107
0.7225321237644127	0.20322431328729082	-0.028683798387646675
0.7204527880646444	0.2038508363447531	-0.028710348531603813
0.719557943145302	0.2041271565435651	-0.028724368661642075
0.7186354307791452	0.2044586482562723	-0.028933843597769737
0.7201483474755224	0.2044586482562723	-0.028809642419219017
0.7187594189279892	0.20467350399598988	-0.028993964195251465
0.7187899082886701	0.2050418281212201	-0.029129326343536377
0.7188550650563347	0.20531807121514273	-0.029134664684534073
0.7191803670041339	0.20564035482471918	-0.029137929901480675
0.719764191604957	0.20628492204387203	-0.029151787981390953
0.7188367291176588	0.2070833501351178	-0.029171481728553772
0.7144409584293202	0.20720612484352788	-0.029234744608402252
0.7159170761120254	0.20720612484352788	-0.029198559001088142
0.7173993060832718	0.20720612484352788	-0.02917633019387722
0.7146544169884819	0.20750748094598892	-0.029250161722302437
0.7150350034012364	0.20783897265869614	-0.029318131506443024
0.7154326589456825	0.20840401535081066	-0.029362862929701805
0.7156737646192769	0.20926343830968108	-0.029384324327111244
0.7157438181608703	0.2095396814036038	-0.02941197156906128
0.7163227513214387	0.20976769157636532	-0.02944868616759777
0.7168993310951757	0.21007462834739052	-0.02945866994559765
0.7173542542990156	0.21042128634760715	-0.02948998473584652
0.7174444375127924	0.2109060658947852	-0.02969334088265896
0.7159916085596878	0.2110549037686659	-0.029749659821391106
0.7174380562537478	0.2110549037686659	-0.029706381261348724
0.7158313913118085	0.21117358598679564	-0.02977067604660988
0.7158282875426797	0.21130513031723502	-0.029784783720970154
0.7163023409792294	0.21165591519840665	-0.029908541589975357
0.7168697362972709	0.21202423932363684	-0.029961857944726944
0.7171277884127529	0.21273369405315554	-0.03003409504890442
0.7173592735619971	0.21408925837833315	-0.030103038996458054
0.7156700171854283	0.21430411411805073	-0.030253728851675987
0.7170928204005087	0.21430411411805073	-0.03015802428126335
0.7142411501873304	0.2149998374657078	-0.03036043420433998
0.7156554890985924	0.2149998374657078	-0.030276626348495483
0.7144760460120759	0.21511493875484222	-0.030478697270154953
0.7149150695435482	0.21546024262224558	-0.030553584918379784
0.7152786941613409	0.21579173433495277	-0.030586019158363342
0.7146114810355344	0.21606797742887543	-0.030745569616556168
0.7139384664581154	0.21630236550856735	-0.03076150082051754
0.7144583541379377	0.21630236550856735	-0.03075958602130413
0.7133125769384253	0.2189420217393838	-0.030980972573161125
0.71274397782294	0.219310345864614	-0.030997514724731445
0.713301756506779	0.22083935525842677	-0.03107779286801815
0.7135343758417141	0.2214589004582026	-0.031128764152526855
0.7138563596408597	0.22177055933339737	-0.03119705431163311
0.7144087604909739	0.22208626572645185	-0.031348783522844315
0.7146837780182416	0.22240197211950627	-0.03137007728219032
0.7148828127108638	0.22270332822196737	-0.03138529136776924
0.713457427002612	0.22305691938218838	-0.03146445006132126
0.7148268270544405	0.22305691938218838	-0.031433869153261185
0.7135764943442847	0.22317969409059846	-0.03155502304434776
0.7126918063779788	0.22354801821582862	-0.03158313408493996
0.7132390600801161	0.22432500672762376	-0.03161289915442467
0.7134277690913705	0.2246242700793733	-0.031651563942432404
0.7139715494156753	0.22559112090810257	-0.03182442486286163
0.7136715191242736	0.22639968005920322	-0.03188170865178108
0.7127806925142546	0.2266675521502797	-0.03193078935146332
0.7132327684762673	0.22701833703145136	-0.03206091374158859
0.7131450733692812	0.22726388644827147	-0.03210919722914696
0.7114793536539398	0.22739279989210207	-0.03230169042944908
0.7128167208600562	0.22739279989210207	-0.03229120746254921
0.7116035080062316	0.2278393010752515	-0.03230995312333107
0.7121425668697713	0.22809252391134724	-0.03237095847725868
0.7126796143196412	0.22846084803657746	-0.032415490597486496
0.712035269910604	0.22882917216180765	-0.032434385269880295
0.7117256403112433	0.2294737393809605	-0.032575108110904694
0.7122604721474005	0.2295965140893706	-0.03259681165218353
0.711446521778104	0.2298420635061907	-0.03262599930167198
0.7119798923478302	0.23001755911880037	-0.032633379101753235
0.7123267929154541	0.23031891522126144	-0.03267708420753479
0.712856577827212	0.23068723934649166	-0.03278271481394768
0.711953128611944	0.2309216274261836	-0.03286605328321457
0.7132618659807161	0.2309216274261836	-0.0328248105943203
0.7124806869844497	0.23115995480133256	-0.03287097439169884
0.7130063164415165	0.23152827892656275	-0.033056989312171936
0.7124872746753302	0.231896603051793	-0.033069442957639694
0.7123279171622604	0.23212680563006186	-0.03309701755642891
0.7128509573128745	0.23275658155233045	-0.0332036167383194
0.7130091225446116	0.23349322980279086	-0.033214692026376724
0.7135290335544945	0.23381551341236728	-0.033223994076251984
0.7138210244522261	0.2341377970219437	-0.03323889523744583
0.7139765821698213	0.2343387010902511	-0.03330947086215019
0.7123893544380134	0.23497011387636	-0.033485010266304016
0.7136729388604243	0.23497011387636	-0.033325232565402985
0.712681294555719	0.23522794076402115	-0.03349212557077408
0.7129401862449433	0.23543841169272411	-0.03369196876883507
0.7114143794573339	0.2359183491892362	-0.03375854715704918
0.7126870348767566	0.2359183491892362	-0.03373618423938751
0.7117307333065879	0.23641821764490575	-0.03386547043919563
0.7117988280871811	0.23696233282990492	-0.033873897045850754
0.7115213089530219	0.23711580121541753	-0.03400591388344765
0.7093959631199532	0.23725085339466861	-0.034073907881975174
0.7106537573808042	0.23725085339466861	-0.03401404991745949
0.7099093978140876	0.23772148977690719	-0.03408795967698097
0.7095124649869877	0.2385648683136559	-0.03413648530840874
0.71002388670356	0.23877358531795304	-0.03414008021354675
0.71005420101036	0.23917260312028576	-0.03427628427743912
0.710018984894737	0.2392831003578548	-0.03436354920268059
0.7105628778506926	0.2392831003578548	-0.03432340547442436
0.7105259447113547	0.2404736429848615	-0.03450632095336914
0.7108566149649125	0.2405586408599146	-0.0345115140080452
0.7095434905070636	0.24080419027673478	-0.03467949852347374
0.7107796289922674	0.24080419027673478	-0.03453955426812172
0.7100477552804887	0.24146454281554033	-0.03468207269906998
0.7100776079182568	0.24195564164918062	-0.03471912071108818
0.7100601726104399	0.24258179266207194	-0.034748464822769165
0.7094095217654016	0.2430421978186097	-0.03476399555802345
0.7097189689500973	0.24336959704103656	-0.03478393703699112
0.7102185920672228	0.24369188065061298	-0.03482934832572937
0.7101878173253681	0.24422691990621054	-0.03486013412475586
0.7106849222699214	0.24459524403144073	-0.03491729125380516
0.7099646319373747	0.24484079344826085	-0.035146258771419525
0.7111803248002811	0.24484079344826085	-0.0351155623793602
0.7104595728385055	0.245135452748445	-0.03516474738717079
0.7102227227509247	0.24548331442227347	-0.035342320799827576
0.7105154612176349	0.24591302590170874	-0.03539520502090454
0.7110069460033434	0.24628135002693896	-0.035457365214824677
0.7106493071118124	0.24718637502036173	-0.0354912169277668
0.7111389021928415	0.2474971485010247	-0.035511039197444916
0.7116268432364347	0.24805521535743413	-0.03552088513970375
0.711551025063467	0.24880092555065814	-0.03554069623351097
0.7111948785566261	0.2488745903757042	-0.035553090274333954
0.7111200412257187	0.24939024415102645	-0.03558199107646942
0.7108303457512821	0.24964807103868758	-0.03559236600995064
0.7113147170314308	0.25001639516391777	-0.03563874214887619
0.7113414026672857	0.2507530434143782	-0.03565003350377083
0.7116007102866503	0.25112136753960845	-0.03569671884179115
0.7120813757695058	0.25148969166483864	-0.03579102084040642
0.7115066424764895	0.252267949625417	-0.03590456396341324
0.7119858673228742	0.2524828053651346	-0.03602217510342598
0.711780642491688	0.253182621203072	-0.03606637194752693
0.7122578268584236	0.25384932507419583	-0.03609570860862732
0.7124329078358177	0.2543623479629093	-0.03616364300251007
0.7124329078358177	0.2543623479629093	-0.03611793369054794
0.7111151717309221	0.2545925505411782	-0.03621102124452591
0.712288629110016	0.2545925505411782	-0.03620915487408638
0.7111915871681669	0.25469300257533184	-0.036223404109478
0.7106553372460769	0.25475997059810096	-0.03628402575850487
0.7100804924309193	0.25565008723407395	-0.0364033579826355
0.7103211836988603	0.2559657936271284	-0.03642721846699715
0.7096349808156666	0.25650190985385235	-0.036487579345703125
0.710794515098045	0.25650190985385235	-0.03644144535064697
0.7097821551140124	0.2566860719164675	-0.03655938431620598
0.7090345418536644	0.25673518179983146	-0.03657614439725876
0.7083107161278255	0.25694952345825767	-0.03668679669499397
0.7074567799735103	0.2576339579284236	-0.036770161241292953
0.708603387396482	0.2576339579284236	-0.03672201558947563
0.7079293861447971	0.2577960205435249	-0.03688211366534233
0.7079972419735958	0.25901897806482493	-0.0369308739900589
0.7075012721797576	0.25913230856489583	-0.03694269433617592
0.7071676688482789	0.25926122200872637	-0.037205442786216736
0.7076377046928242	0.2596932945402464	-0.037253379821777344
0.7076254647814574	0.26004627182692536	-0.03725859150290489
0.7074265973711403	0.2606192204661723	-0.03730963543057442
0.7078939670239022	0.2610796256227101	-0.0373297855257988
0.7062015358812632	0.26152161457298634	-0.03749492019414902
0.7073278541203083	0.26152161457298634	-0.03733989596366882
0.7060326940118178	0.26188993869821653	-0.0375448502600193
0.7064993087832275	0.2622582628234467	-0.03759189695119858
0.7061110982487667	0.2626173788455462	-0.03761132061481476
0.7052368507494211	0.263662371622147	-0.03789456561207771
0.7062596566376136	0.263662371622147	-0.03776517137885094
0.7055440481457154	0.2639938633348542	-0.03793974220752716
0.705535317361234	0.26463843055400704	-0.03811461478471756
0.703600751513417	0.2652647785316713	-0.03822911158204079
0.7047053052834538	0.2652647785316713	-0.03821437060832977
0.705813332493019	0.2652647785316713	-0.03817535936832428
0.703393909291062	0.26575587736531153	-0.03837839514017105
0.7033365229744614	0.26621327333781963	-0.03841891884803772
0.7028242975096026	0.2662921999360832	-0.03844119608402252
0.703157385312028	0.2666298303842109	-0.03846808150410652
0.7029428596603831	0.26749586428891886	-0.038599736988544464
0.7034041285118421	0.2677225252890605	-0.038760632276535034
0.7036917017837445	0.26817269921989745	-0.038886889815330505
0.7036119528847659	0.2686295718560525	-0.03892262279987335
0.7040700487844802	0.26933991124042506	-0.038925379514694214
0.7038653551465854	0.2695854606572452	-0.03901341184973717
0.703936440885959	0.2703221089077056	-0.039067886769771576
0.7043919232845959	0.27037877415774103	-0.03915765509009361
0.7046923965207178	0.2707102658704482	-0.0391681082546711
0.7047417058899548	0.2717626205139631	-0.03925183787941933
0.7036377557190374	0.2720520180409297	-0.039353810250759125
0.704715302052451	0.2720520180409297	-0.039318688213825226
0.7039295100493981	0.2725560405280868	-0.03941730037331581
0.7037500548458956	0.2729775670269614	-0.03953881934285164
0.7030735087338917	0.2739065623205975	-0.03954828903079033
0.7035247647996457	0.27420791842305864	-0.039566151797771454
0.7035194161428935	0.27471538721782024	-0.039590951055288315
0.70307331234433	0.2750167433202813	-0.03959764167666435
0.7012099188964724	0.2753032176399048	-0.039782360196113586
0.7022675507500117	0.2753032176399048	-0.0397769957780838
0.7022709760532595	0.2753032176399048	-0.03977224603295326
0.7033334132333703	0.2753032176399048	-0.03962241858243942
0.7016592272891095	0.27559787694008897	-0.03990129381418228
0.7013044270073829	0.2758025014541058	-0.039979636669158936
0.7021071864072939	0.2758025014541058	-0.03994719311594963
0.701663516892983	0.27614915945432245	-0.04002857208251953
0.7021094608139201	0.27645051555678357	-0.04006105288863182
0.702554073558974	0.27692407514636525	-0.04008211940526962
0.7018051107071723	0.27710823720898037	-0.04009974002838135
0.7018520277051279	0.2772702998240817	-0.0402030423283577
0.7022950410369182	0.2776386239493119	-0.040394969284534454
0.7019949000264777	0.27803485141736256	-0.0404372438788414
0.701897668524755	0.27840317554259275	-0.040467388927936554
0.7022041674013321	0.2786487249594129	-0.04049248993396759
0.7024167961734924	0.2790170490846431	-0.04053182527422905
0.7028557094534724	0.2793853732098733	-0.040581658482551575
0.7029496872991473	0.28008036575569456	-0.04064793512225151
0.7033865259942956	0.28044868988092475	-0.04065549373626709
0.7026678949307738	0.2807863203290525	-0.04083489254117012
0.7036997126913183	0.2807863203290525	-0.04079945385456085
0.7031032274418562	0.2810455113801404	-0.04091775789856911
0.70319990513453	0.28154537983580996	-0.040978480130434036
0.7022835464865835	0.28183185415543344	-0.04103695601224899
0.7033087779413085	0.28183185415543344	-0.041029538959264755
0.7024257829545797	0.2824128017529556	-0.04108069837093353
0.7024949315258667	0.2827504322010833	-0.041484978049993515
0.7029267240780788	0.2831187563263135	-0.04151547700166702
0.702698503529349	0.2840697881060746	-0.04153003543615341
0.7026463590476374	0.28422764130260175	-0.04160866513848305
0.7016309741357188	0.28436157734814	-0.04169952869415283
0.7019011875769212	0.28468897657056685	-0.04176047444343567
0.7012500331279631	0.2847942120349183	-0.04192695766687393
0.7010084263656687	0.28512161125734514	-0.04201129823923111
0.701150655638132	0.28533208218604816	-0.04203677177429199
0.7011011807615587	0.2855776316028683	-0.04205700010061264
0.701120069778069	0.2857881025315712	-0.04208464175462723
0.700832344356355	0.2861827355228893	-0.04211629927158356
0.6996352477961371	0.2867352217107346	-0.042162761092185974
0.7006347267215601	0.2867352217107346	-0.04212082549929619
0.6993508671012708	0.28747360080764817	-0.0422334261238575
0.6995414538242183	0.28778053757867333	-0.04231422021985054
0.6999682415318543	0.2881488617039035	-0.042343296110630035
0.6999682415318543	0.2881488617039035	-0.04232098534703255
0.6994481920166792	0.2884927811362208	-0.042463287711143494
0.6993588371219864	0.2895260848490825	-0.04249214380979538
0.6996269135742734	0.2896811686912847	-0.04254629462957382
0.7000511693460613	0.2900494928165149	-0.04259689524769783
0.6999613420781029	0.2902838808962069	-0.042602427303791046
0.7003839317371479	0.2906097060839105	-0.042605068534612656
0.7008053326770394	0.290877578174987	-0.04261399805545807
0.7005233027154143	0.2909110621863716	-0.04264523833990097
0.7009433261337658	0.29113205666150965	-0.0427350252866745
0.7011871029879202	0.2914082997554323	-0.042802684009075165
0.7016050231236014	0.29177662388066256	-0.042940735816955566
0.7019053885475443	0.2921879191538363	-0.042985089123249054
0.7021218982666451	0.29240178477493767	-0.043015819042921066
0.7015238556126905	0.29354358956315135	-0.04301789775490761
0.7015416050684249	0.293868065578235	-0.04304301738739014
0.70100374966456	0.29479874171609355	-0.04310605302453041
0.7002738223801707	0.29516706584132374	-0.04332097992300987
0.7012450759479656	0.29516706584132374	-0.043210338801145554
0.7002734436493544	0.2953512279039388	-0.04343229532241821
0.7003107354775635	0.29561909999501534	-0.04349633678793907
0.7003107354775635	0.29561909999501534	-0.04346327856183052
0.700724099980353	0.29598742412024553	-0.04360874369740486
0.7008858874709886	0.2962424177454049	-0.043615542352199554
0.7008060680148485	0.2968657354957944	-0.04361703619360924
0.7012170486906523	0.29719788493015387	-0.04376125708222389
0.7013982781620415	0.297504821701179	-0.04378128796815872
0.7004362633608308	0.29787314582640917	-0.04402467980980873
0.7013944525035953	0.29787314582640917	-0.043993040919303894
0.701807321616614	0.29787314582640917	-0.04393397644162178
0.7005417770230641	0.2981596201460327	-0.04405191168189049
0.6993158130039537	0.298650718979673	-0.04436669871211052
0.7002685593431962	0.298650718979673	-0.04436440020799637
0.6988966976223198	0.2989231619040496	-0.0444350466132164
0.6992714527507782	0.2989231619040496	-0.04440240561962128
0.6992333801743931	0.2992914860292798	-0.04449019208550453
0.6996403715408689	0.29969269623711975	-0.04450339078903198
0.6998210377054533	0.30030656977917014	-0.04450488090515137
0.7002261375196162	0.3006361229438498	-0.04451815411448479
0.7006301454205331	0.30101574909533163	-0.04452640935778618
0.7006660035387728	0.3011999111579467	-0.044669009745121
0.7010683341791777	0.30144546057476684	-0.0446753054857254
0.7012458710907941	0.3016128806316897	-0.04475502297282219
0.7006517942074674	0.3017970426943048	-0.04489901289343834
0.7003316960378969	0.3022226616834597	-0.045026618987321854
0.6997967649403324	0.30259098580868987	-0.04507163539528847
0.7007323221127125	0.30259098580868987	-0.04505441337823868
0.7000303692537454	0.3029132694182663	-0.045107051730155945
0.699837992670925	0.30328159354349654	-0.04520418494939804
0.6988092065018122	0.3036164336573422	-0.04523691534996033
0.6997384740636498	0.3036164336573422	-0.045233774930238724
0.6992086637876189	0.3037864294074484	-0.04537764936685562
0.6991103741667081	0.30386009423249444	-0.04551092907786369
0.6981439883256689	0.3040074238825865	-0.045552968978881836
0.6990674592096976	0.3040074238825865	-0.04551219567656517
0.6976778717001824	0.30449852271622674	-0.04574238881468773
0.6972605785634923	0.3050342668983798	-0.04597398266196251
0.6970010251706455	0.30599330479111936	-0.046047892421483994
0.6963771371247212	0.3065826233914877	-0.04608197510242462
0.6945517711034244	0.306714167721927	-0.046188727021217346
0.6954632563673396	0.306714167721927	-0.04616227373480797
0.6944934572669016	0.3078191400976176	-0.046211108565330505
0.6948928122247227	0.3083453174193751	-0.04625749588012695
0.6947689312688157	0.3086169564617324	-0.046343810856342316
0.6947943768790071	0.30870465268202524	-0.046391088515520096
0.6951917800341126	0.30907297680725543	-0.046487338840961456
0.6952334977808469	0.3097798614920407	-0.04650624096393585
0.6953406981444793	0.31014818561727087	-0.04654034972190857
0.6954115921806083	0.3109032500739928	-0.04709690064191818
0.6958061367503228	0.3111651694519343	-0.047116756439208984
0.6951412105473057	0.3137434383285456	-0.047145117074251175
0.6947275914122316	0.31448008657900606	-0.04723525792360306
0.6947343945200869	0.31513721030242814	-0.04727070778608322
0.6946445306096228	0.31536741288069703	-0.047304168343544006
0.6940475225017201	0.31547177138284554	-0.047430746257305145
0.6939587724727977	0.3160304925245349	-0.04745558649301529
0.6938579070593341	0.3163578917469618	-0.047739896923303604
0.6932014207416406	0.31644288962201494	-0.04778682813048363
0.6940901405118222	0.31644288962201494	-0.047777798026800156
0.6929207870573283	0.316631728816379	-0.048273731023073196
0.6931674888310588	0.316631728816379	-0.04814004525542259
0.6924784822857676	0.3173806545376804	-0.04855916276574135
0.6928702294420915	0.3177489786629106	-0.04870655760169029
0.6922742017518532	0.3180056894168589	-0.04872438684105873
0.6926248474707911	0.3180056894168589	-0.04871808737516403
0.6926647167242493	0.31837401354208916	-0.04883924499154091
0.6915440465553272	0.31855817560470423	-0.048929423093795776
0.6924205282366394	0.31855817560470423	-0.04890171065926552
0.6913018922613254	0.31872559566162706	-0.049095869064331055
0.6910603494680663	0.31912461346395987	-0.0492757111787796
0.6914499328861393	0.31946838264750804	-0.04929559677839279
0.6914408152456225	0.3197077933289077	-0.04930613189935684
0.6909484368616658	0.31979987436021523	-0.049344033002853394
0.6913366925942517	0.3201681984854454	-0.049449242651462555
0.6918824425102833	0.3204195943169518	-0.04957721009850502
0.6917239740339076	0.3204195943169518	-0.04951778054237366
0.6911302856246749	0.32044792694196944	-0.04957997053861618
0.691516372767644	0.3209951513565972	-0.049715783447027206
0.6911881019259509	0.3212968263544047	-0.04979979619383812
0.6893197738981532	0.32150729728310773	-0.04988807067275047
0.6901782045007662	0.32150729728310773	-0.049811847507953644
0.6910387758280738	0.32150729728310773	-0.049809135496616364
0.6895814884647392	0.3217835403770304	-0.05009293928742409
0.6887173685203635	0.32179955446943165	-0.050098713487386703
0.6893462756998948	0.32179955446943165	-0.050092946738004684
0.6890374812091412	0.32247804627906623	-0.05013678967952728
0.689421860095162	0.32250637890408396	-0.05017866939306259
0.6898052898975137	0.3226905409666991	-0.050199709832668304
0.6901877741269865	0.32279099300085273	-0.0502886101603508
0.6903230108583573	0.3230856523010369	-0.05029360577464104
0.689763319722796	0.323269814363652	-0.050324175506830215
0.689441995083996	0.3232908614565223	-0.05038556084036827
0.6890604741934357	0.3232908614565223	-0.05034181848168373
0.689005587410282	0.32334347918869805	-0.05055071413516998
0.6893862415260589	0.3235407956843571	-0.05056508630514145
0.6887879698371516	0.3236635703927672	-0.05059390142560005
0.6885574594954701	0.3238961961560705	-0.05060400441288948
0.6879107346808088	0.32521514929335316	-0.05091542750597
0.6887496502109073	0.32521514929335316	-0.05081536993384361
0.68804709631745	0.3257727510940489	-0.05097798630595207
0.6884261399428238	0.3261049005284083	-0.05099771171808243
0.688804263559398	0.3263032289035322	-0.05101325735449791
0.6880012093065734	0.32701675724136997	-0.05121109262108803
0.6888351501663389	0.32701675724136997	-0.05104312300682068
0.6883784750752474	0.3274669311722068	-0.05122958868741989
0.688513283680229	0.327761590472391	-0.051445361226797104
0.6883645552213921	0.3282877677941484	-0.05149299278855324
0.688589417203053	0.32847192985676354	-0.051523081958293915
0.6882872638730855	0.32887299390423647	-0.051551446318626404
0.6886619186040073	0.32924131802946666	-0.05173628777265549
0.688117659539233	0.33070540642725677	-0.05176190659403801
0.6870682759235702	0.33105956423997807	-0.05181014537811279
0.6878920987963802	0.33105956423997807	-0.0517713688313961
0.6874425961676808	0.3312012273650666	-0.052044790238142014
0.687816021978711	0.3315449965486148	-0.052081841975450516
0.6874725661052281	0.3316502320129663	-0.05208244174718857
0.6876960791372839	0.3322159298270426	-0.05216146260499954
0.6871010825162678	0.33272237549923417	-0.0523262582719326
0.6879190599954538	0.33272237549923417	-0.052248988300561905
0.6869976370500965	0.3328228275333878	-0.052518684417009354
0.6872107675715871	0.3331420417752541	-0.05259735509753227
0.6875813709275449	0.33348869977547074	-0.052697423845529556
0.6876129737007498	0.33375178843634945	-0.05277799814939499
0.6873912089564226	0.3338254532613955	-0.05281040817499161
0.6866024117099937	0.33434724577213826	-0.05293828621506691
0.6874130402952475	0.33434724577213826	-0.05293702334165573
0.6863826208834801	0.3346827410079457	-0.0530206672847271
0.6867515825059701	0.33501328829981897	-0.053138457238674164
0.6867515825059701	0.33501328829981897	-0.05306253209710121
0.6869891116556563	0.33546755472093626	-0.0531749352812767
0.6868348469184496	0.33612274667447073	-0.053190845996141434
0.6864128245597058	0.3364485718621744	-0.05330602824687958
0.6866764521834117	0.3364485718621744	-0.05327693745493889
0.6858938359842991	0.3367905871213167	-0.0534452386200428
0.6866960509971463	0.3367905871213167	-0.053366124629974365
0.6862603542620304	0.336960582871423	-0.053454939275979996
0.6861080176668014	0.3373084445452515	-0.0534575879573822
0.6860445379574901	0.3380911333113657	-0.05358254164457321
0.6856344086497876	0.33956442981228646	-0.05368154123425484
0.6859995254806242	0.33967776031235736	-0.053684234619140625
0.6852296858584196	0.33970609293737497	-0.053796011954545975
0.6852296858584196	0.33970609293737497	-0.05378086119890213
0.6860236947643968	0.33970609293737497	-0.05377838760614395
0.6859494763128474	0.33970609293737497	-0.053732894361019135
0.6855935821753463	0.3399025324708311	-0.053864736109972
0.6856679544823031	0.34017877556475373	-0.05388525873422623
0.6856844850999705	0.34162137838857204	-0.053889743983745575
0.6847614261805585	0.34222706695006166	-0.05419963598251343
0.6852401481355698	0.34222706695006166	-0.05413571372628212
0.6843371749149315	0.3424112290126768	-0.05442247912287712
0.6851237693688568	0.3424112290126768	-0.054389312863349915
0.6843715195701732	0.34267431767355555	-0.054527655243873596
0.6844057855435015	0.34282778605906816	-0.05458429828286171
0.6847668773220559	0.3430526072783645	-0.054706133902072906
0.6849638784418509	0.34325351134667187	-0.054805319756269455
0.6849630184508395	0.3444946520353263	-0.05483273044228554
0.6849594325481796	0.3450542213794261	-0.05483995005488396
0.6845385919735535	0.34529977079624624	-0.05503194406628609
0.6853182486842295	0.34529977079624624	-0.05497591197490692
0.6841196621393343	0.34564298191293796	-0.055111490190029144
0.6848970708463108	0.34564298191293796	-0.055071670562028885
0.6840242883727364	0.3471162784138588	-0.05515356734395027
0.6843821317607628	0.3474109377140429	-0.05538512393832207
0.6843821317607628	0.3474109377140429	-0.05528675392270088
0.6847391655483638	0.3477792618392731	-0.05544090270996094
0.6850953924799477	0.34826115256978263	-0.05544676631689072
0.6854508152875324	0.34867040159781626	-0.055474914610385895
0.6846780409749196	0.34873736962058544	-0.05551595240831375
0.6846356769913098	0.34936160726139764	-0.055639542639255524
0.6846154643812709	0.3496147120448892	-0.05577266961336136
0.684688930151629	0.34986970567004855	-0.05580190196633339
0.6842322397449244	0.35017459619593355	-0.0558323971927166
0.6837636345047341	0.35163747300120635	-0.0559588223695755
0.6845301856644928	0.35163747300120635	-0.05591834709048271
0.6834230827265717	0.35249433815365167	-0.05629720538854599
0.6837767999525756	0.3530133403301124	-0.05633532255887985
0.6836045175471662	0.3533007447611632	-0.056452587246894836
0.6826681108148493	0.3535309473394321	-0.05650695785880089
0.6834291677945761	0.3535309473394321	-0.05645810812711716
0.6826671653988352	0.3543842767006425	-0.056511130183935165
0.683019757437281	0.3547065603102189	-0.05659263953566551
0.6828959048445965	0.35481989081028975	-0.05659604072570801
0.6827723268696341	0.3550303617389928	-0.05665484070777893
0.6828680726529799	0.35576700998945315	-0.056700922548770905
0.6831085115347781	0.3559020621687042	-0.05725252628326416
0.6832188823071248	0.3559020621687042	-0.056714799255132675
0.6827167114451057	0.3564406201333265	-0.05747029557824135
0.6830037949592626	0.3564406201333265	-0.05728552117943764
0.6830661423796375	0.3568089442585567	-0.057754166424274445
0.6822974988432718	0.3570544936753769	-0.05782327055931091
0.6830481011522304	0.3570544936753769	-0.05777731165289879
0.6825364697556284	0.357385985388084	-0.05785728991031647
0.6827475043282648	0.35753764826317885	-0.05795834958553314
0.6830949878941703	0.35781389135710145	-0.05796309933066368
0.6832228927214196	0.35803488583223964	-0.058054834604263306
0.6827235970048781	0.3580632184572573	-0.05858933925628662
0.6834697430125337	0.3580632184572573	-0.058502934873104095
0.6830695909012741	0.35827040077769934	-0.05863664299249649
0.6826711804749384	0.3584545628403144	-0.05873635783791542
0.6834148309983316	0.3584545628403144	-0.058728329837322235
0.6830161031048568	0.3589047367711513	-0.05877431109547615
0.6833602767171207	0.35902751147956136	-0.058785755187273026
0.683703703748881	0.35918536467608864	-0.05914287641644478
0.6836296852349436	0.3595536888013188	-0.0591922402381897
0.6837486185936494	0.3604107507081045	-0.0593140609562397
0.6837015145799274	0.3604107507081045	-0.059294577687978745
0.6837015145799274	0.3604107507081045	-0.05921158939599991
0.6840901427636347	0.36073303431768095	-0.059509869664907455
0.6841819880996295	0.360917196380296	-0.05953777953982353
0.6844325103825681	0.3612005226304731	-0.05964907258749008
0.6845030889505094	0.36199098447065875	-0.05970040336251259
0.6841971716505625	0.3622672275645814	-0.059745386242866516
0.684048146273338	0.36537783498458104	-0.05979064851999283
0.6828084100103945	0.3656080375628499	-0.06010628491640091
0.6835402518217669	0.3656080375628499	-0.06001740321516991
0.6839847898932165	0.3656080375628499	-0.05990208685398102
0.6831476523526294	0.3659763616880801	-0.06014089658856392
0.6830588193907142	0.36620875667185626	-0.060181815177202225
0.683295428873501	0.36654200230896933	-0.06030574068427086
0.6834998047489024	0.3668284766285928	-0.060362160205841064
0.6838368656597129	0.36717168774528464	-0.0604800209403038
0.6841732094196494	0.3674479308392073	-0.06048809364438057
0.6835326712171115	0.3676224844463817	-0.06066982448101044
0.6841103260940175	0.3676224844463817	-0.06064104661345482
0.6834137909416199	0.36764002369044024	-0.06072457879781723
0.6818925115951995	0.36855961157135403	-0.061075687408447266
0.6826140909725489	0.36855961157135403	-0.06101810932159424
0.6833371991197655	0.36855961157135403	-0.06092458590865135
0.682127854143422	0.3688928572084671	-0.06134475767612457
0.6815944604030125	0.36895785558350774	-0.061351124197244644
0.6817192291486364	0.3692525148836919	-0.06139726936817169
0.6814064882596541	0.36941621449490525	-0.06156020238995552
0.6810404807360723	0.3695836345518281	-0.0617290697991848
0.6813755222479041	0.37002908637849546	-0.061766140162944794
0.6822812440723514	0.3701518610869055	-0.06190584972500801
0.6820434980922481	0.3701518610869055	-0.06183183938264847
0.6817098606295957	0.3701518610869055	-0.061784569174051285
0.6824392483498211	0.3704587978579307	-0.06202869862318039
0.6817261456869685	0.37048949153503313	-0.06217746064066887
0.6815730845558868	0.3706122662434433	-0.06225386634469032
0.6816408365578589	0.3706122662434433	-0.06222342699766159
0.6810073433620386	0.3706972641184964	-0.062483515590429306
0.6813392816103612	0.3709919234186806	-0.06255161017179489
0.6816705297583754	0.3713602475439108	-0.06256103515625
0.6816376423962172	0.37238629332133777	-0.06266599148511887
0.6817950030714632	0.37267788325381174	-0.062672920525074
0.6818138683532545	0.37293571014147286	-0.06271160393953323
0.6803206435546391	0.373218091970816	-0.06291135400533676
0.6810241809316345	0.373218091970816	-0.06290241330862045
0.6815221355702801	0.373218091970816	-0.06273511052131653
0.6792211346473706	0.3733064897608712	-0.06329142302274704
0.679618558267173	0.3733064897608712	-0.0629836916923523
0.6782911996527725	0.37369527633750316	-0.06361009925603867
0.6789897487770287	0.37369527633750316	-0.06341542303562164
0.6778743816394883	0.37386122456974974	-0.0636202022433281
0.6780339904194616	0.37429444389799665	-0.06373436003923416
0.6783642119677492	0.3745016262184387	-0.0638924315571785
0.677669166668602	0.37468578828105376	-0.06396278738975525
0.6779990856382347	0.3749067827561918	-0.06406314671039581
0.6783283299269482	0.3753242167647861	-0.06408926099538803
0.6786569016022016	0.37560045985870877	-0.06424865871667862
0.6785766394577096	0.3757232345671188	-0.06427682936191559
0.6775219299796172	0.376091558692349	-0.06470408290624619
0.6782125741488115	0.376091558692349	-0.06445692479610443
0.677371624082446	0.37622968023931036	-0.06491207331418991
0.6777046572707293	0.37622968023931036	-0.0647684708237648
0.6776991655808394	0.3762706051421137	-0.06515704095363617
0.6776291823015221	0.37657393089230334	-0.06539230048656464
0.6779557991380961	0.37694545783601374	-0.0659220889210701
0.6774502091743778	0.37714378621113775	-0.06595510989427567
0.6774948167333678	0.37714378621113775	-0.06595296412706375
0.6781805402320857	0.37714378621113775	-0.06594687700271606
0.6769203713774117	0.37716780734973976	-0.0659579485654831
0.6772460564869103	0.37803950777945117	-0.06601804494857788
0.6771868613771911	0.3784078319046814	-0.0662420466542244
0.6775710856344561	0.3784078319046814	-0.0661243349313736
0.6772879577755837	0.3786943062243049	-0.06640861183404922
0.6775282978447515	0.3790059650994997	-0.06666840612888336
0.6768487308459102	0.3790427975120227	-0.06684582680463791
0.6770611959341297	0.3793701967344496	-0.06689471006393433
0.6770269576427613	0.3804251822645732	-0.06702481210231781
0.6767943751295632	0.38071984156475747	-0.0671023428440094
0.6768867191796143	0.38100316781493454	-0.06718254089355469
0.6765854350287364	0.38111649831500527	-0.0672677531838417
0.6756264079251024	0.38136204773182536	-0.06775245815515518
0.6762336712139381	0.38136204773182536	-0.06754758954048157
0.6769078822520378	0.38136204773182536	-0.06740163266658783
0.6756175016216645	0.38241484085644173	-0.06795642524957657
0.6751948427322685	0.38263583533157985	-0.06795705854892731
0.6755170700708277	0.38293049463176404	-0.06796084344387054
0.6757220610233606	0.38373876146213043	-0.06798336654901505
0.6754985738342286	0.38376709408714804	-0.06810936331748962
0.6758195445821671	0.3843054425812976	-0.068279929459095
0.6752711914635102	0.38450262620389564	-0.06840156018733978
0.6750493466377092	0.38450262620389564	-0.06832049787044525
0.6757163914466398	0.38450262620389564	-0.06831546127796173
0.6754925991566496	0.3849425689090318	-0.06850449740886688
0.6746295009141727	0.3851530398377347	-0.06876876205205917
0.6752935063284583	0.3851530398377347	-0.06859223544597626
0.6740074455790955	0.38523803771278786	-0.06916140019893646
0.6745561909918601	0.38523803771278786	-0.06880893558263779
0.6730518997950614	0.3857196923380889	-0.06935802102088928
0.6737111083159185	0.3857196923380889	-0.06922939419746399
0.6738814133240714	0.3857196923380889	-0.06922157853841782
0.6727699481673199	0.3863335658801392	-0.06947766989469528
0.6729499998362413	0.3866492722731936	-0.0695987269282341
0.6726128653336365	0.38698076398590087	-0.06973333656787872
0.6732690730071328	0.38698076398590087	-0.06968234479427338
0.6725421614725522	0.3874872096580924	-0.0697554424405098
0.6713776520878572	0.3877082041332305	-0.06991935521364212
0.6720301085038803	0.3877082041332305	-0.06988771259784698
0.6726838342903627	0.3877082041332305	-0.06988129019737244
0.6715347381026441	0.38801514090425554	-0.06999521702528
0.6718530183951803	0.388189610226733	-0.0700107142329216
0.6718479977255497	0.3882816912580405	-0.07016906887292862
0.672165359429877	0.3884781307914966	-0.07019821554422379
0.6718837965535136	0.38917794662943406	-0.07030560076236725
0.6724821078748723	0.38917794662943406	-0.0702480599284172
0.6720930589376365	0.3894173573108337	-0.0703245997428894
0.6724148927304143	0.3895704270771631	-0.07047179341316223
0.6724089615783516	0.3895704270771631	-0.07034352421760559
0.6721774922184773	0.38970436312270135	-0.07061272114515305
0.6725375707181734	0.38970436312270135	-0.07054124027490616
0.6714364314198116	0.3901709070146596	-0.07110803574323654
0.6720808041946866	0.3901709070146596	-0.07071666419506073
0.6707932930755397	0.39031257013974807	-0.07139845937490463
0.6708385151622872	0.3903944199453548	-0.07155299186706543
0.6710019969949784	0.3903944199453548	-0.0715392455458641
0.671152900534625	0.39072181916778165	-0.07200542837381363
0.6714355544476167	0.3908222712019353	-0.07240911573171616
0.6713341795922019	0.3908222712019353	-0.07232633233070374
0.6711940577996546	0.3908222712019353	-0.07220722734928131
0.6711138587091635	0.3909801243984626	-0.0728074461221695
0.6708917923035463	0.3914489005578465	-0.07281490415334702
0.6705585617315583	0.39161260016905997	-0.07292450964450836
0.6702069881435776	0.39184713134281757	-0.07296397536993027
0.6690931871680834	0.39226875085283497	-0.07320711016654968
0.6697267981407805	0.39226875085283497	-0.07307980209589005
0.6703616102717196	0.39226875085283497	-0.0730351135134697
0.6691539056427198	0.392538855211337	-0.07344826310873032
0.6685813686804879	0.3928457919823622	-0.07375997304916382
0.6688347473301863	0.3928457919823622	-0.07375528663396835
0.6694663193295538	0.3928457919823622	-0.07349856942892075
0.6684226291619563	0.3932166739140176	-0.07378246635198593
0.6684657741150362	0.393433335164153	-0.0738055482506752
0.6682487010190633	0.3940472087062033	-0.07420606166124344
0.6676698047156943	0.39413928973751083	-0.07421913743019104
0.6665680858132847	0.3943722468765454	-0.07479791343212128
0.6671927981711229	0.3943722468765454	-0.07445371150970459
0.6677650776655207	0.3943722468765454	-0.07434412837028503
0.6668799959294557	0.3945651785611898	-0.07489722967147827
0.6665683619501289	0.39466339832791775	-0.07527538388967514
0.6671913230360637	0.39466339832791775	-0.07517165690660477
0.6660563084957197	0.3946968823393024	-0.07559721916913986
0.6652815295227296	0.39486058195051577	-0.07595477253198624
0.6659015495875223	0.39486058195051577	-0.07579576969146729
0.6639442138003409	0.3951368250444384	-0.07639507949352264
0.6645612623261775	0.3951368250444384	-0.07622715830802917
0.6651794588492717	0.3951368250444384	-0.07611279934644699
0.6637921319693572	0.39532098710705355	-0.07654935866594315
0.6640264920571212	0.3956586175551812	-0.07656721770763397
0.6639260560048048	0.3958714801989831	-0.07662217319011688
0.6639448205471831	0.39635848654234307	-0.07664043456315994
0.6637933003803188	0.3966531458425272	-0.07665763050317764
0.664073736124422	0.39691623450340585	-0.07677587866783142
0.6641037405461726	0.39691623450340585	-0.07672471553087234
0.663646018395275	0.3969688522355816	-0.07690279185771942
0.6630349262973052	0.39700568464810465	-0.076917864382267
0.6626872105171818	0.3970583023802804	-0.07714629918336868
0.662652571536927	0.3972885049585493	-0.0772588700056076
0.6625266908901577	0.39751870753681817	-0.07739413529634476
0.6629623487898776	0.39751870753681817	-0.0773456022143364
0.662530485551731	0.3975521915482027	-0.07752122730016708
0.6625075569413894	0.39819675876735555	-0.07767980545759201
0.6623511230802246	0.39819675876735555	-0.07760143280029297
0.6620750767235624	0.3984423081841757	-0.07797922939062119
0.6622993988534134	0.3984423081841757	-0.0779123306274414
0.6623834023834861	0.39879389030371365	-0.0780157819390297
0.6621618631276304	0.40001067536027773	-0.07805316150188446
0.6618866701739623	0.4014824836829147	-0.07834155857563019
0.6615877135435341	0.4017126862611836	-0.07906793802976608
0.6618953610766763	0.40203496987076004	-0.07926110178232193
0.6619472319104324	0.4022805192875802	-0.07951351255178452
0.6622024497587139	0.4022805192875802	-0.07945600152015686
0.6616493045318493	0.4023726003188878	-0.07970421761274338
0.6610173600892578	0.4026948839284642	-0.07983814924955368
0.6616161076980343	0.4026948839284642	-0.07978437095880508
0.6607326733677972	0.40278258014875706	-0.07997004687786102
0.6598408574712248	0.403135557435436	-0.0803699865937233
0.6604369196730958	0.403135557435436	-0.0802045539021492
0.6604369196730958	0.403135557435436	-0.08016148954629898
0.6599221551651191	0.40320481496325705	-0.08041349053382874
0.6599582613316369	0.4033405133251839	-0.08050405234098434
0.6602643295032556	0.40370883745041414	-0.08055385202169418
0.659564543346616	0.4048930795834913	-0.08071105927228928
0.6601576769287623	0.4048930795834913	-0.08059907704591751
0.6594367846715385	0.40495446693769627	-0.08090652525424957
0.6583296697647198	0.4049807758037841	-0.08119620382785797
0.6589200999618182	0.4049807758037841	-0.08111144602298737
0.658243877759559	0.40545433539336584	-0.0813126415014267
0.6585495630209547	0.4058226595185961	-0.08153889328241348
0.6582664388012743	0.40610913383821956	-0.08174077421426773
0.6588547019279958	0.40610913383821956	-0.08155050128698349
0.6583482707024328	0.4063301283133577	-0.08180028945207596
0.6565154133589829	0.4065094861482524	-0.08189282566308975
0.6570995018050318	0.4065094861482524	-0.08187338709831238
0.6576846304798359	0.4065094861482524	-0.08183912932872772
0.6582708021647555	0.4065094861482524	-0.08180060237646103
0.6563764121037795	0.4070312786589952	-0.08191311359405518
0.6566813132465446	0.4073996027842254	-0.0819207951426506
0.6564315957702622	0.4079420545007102	-0.08210282027721405
0.6564943425652157	0.40808938415080226	-0.08225654065608978
0.6563558519965739	0.4082735462134173	-0.08245342969894409
0.6552238186891595	0.40828406975985254	-0.08252986520528793
0.6558031500938359	0.40828406975985254	-0.08250535279512405
0.6553074693346236	0.4084419229563798	-0.08253374695777893
0.655611431001877	0.4086076688127334	-0.08260762691497803
0.6552540641023159	0.4087549984628254	-0.082610584795475
0.6551325740628863	0.41020763575800423	-0.08276110887527466
0.6554358875421625	0.4104531851748244	-0.08305804431438446
0.6549537463176364	0.41061103837135154	-0.08312545716762543
0.6549434628054774	0.41061103837135154	-0.0831218808889389
0.6555189843017916	0.41061103837135154	-0.08311562985181808
0.6528693749298536	0.4107952004339666	-0.08379887789487839
0.6534405642342542	0.4107952004339666	-0.0835951417684555
0.6540127538701861	0.4107952004339666	-0.0833386480808258
0.6545859464677937	0.4107952004339666	-0.08331967145204544
0.652117809218322	0.4109691312708809	-0.08390738815069199
0.6526873444228795	0.4109691312708809	-0.08382116258144379
0.6518762069435022	0.41135587160237264	-0.08424881845712662
0.6518762069435022	0.41135587160237264	-0.08395729213953018
0.6518061306059457	0.41185334834294324	-0.08453250676393509
0.6518248806615657	0.4121547044454043	-0.08487039804458618
0.6520300512138526	0.4121547044454043	-0.08483509719371796
0.6520187773768902	0.41249233489353204	-0.08514048904180527
0.6518578814474543	0.41258841944793984	-0.08529917895793915
0.6521598260429031	0.41274008232303466	-0.08536279946565628
0.6513864873940028	0.41278760801661274	-0.08558260649442673
0.6519504583787595	0.41278760801661274	-0.08545660227537155
0.6524612473374933	0.41278760801661274	-0.0854114219546318
0.6508825890197436	0.41283094026663986	-0.08569420874118805
0.6511840721034917	0.41315717020612946	-0.08574103564023972
0.6505402681477577	0.413206943736566	-0.08586853742599487
0.6511015625982735	0.413206943736566	-0.08576905727386475
0.6508412670554684	0.4134524931533861	-0.08594809472560883
0.6511417478927701	0.41372873624730877	-0.08686073124408722
0.6512697429504719	0.41386685779427007	-0.08719608187675476
0.6512011508787178	0.4140773287229731	-0.08721212297677994
0.6509918858628625	0.41431107287936914	-0.08738981187343597
0.6505765126045466	0.4143724602335741	-0.08748949319124222
0.6501854949840289	0.414881098311273	-0.08761797845363617
0.6503998784415989	0.414881098311273	-0.08755625784397125
0.6498718970748755	0.4150327611863677	-0.08796238899230957
0.6504273431407515	0.4150327611863677	-0.08782899379730225
0.6504847375032898	0.4150327611863677	-0.08772537857294083
0.6489343490832729	0.4151432584239368	-0.08819861710071564
0.649488047333344	0.4151432584239368	-0.088089220225811
0.6491116987494225	0.41530111162046396	-0.08844410628080368
0.6486660126513164	0.41545458000597657	-0.0889447033405304
0.6492171307589215	0.41545458000597657	-0.08893651515245438
0.6492832774930459	0.41545458000597657	-0.08893366158008575
0.6492684831192811	0.41545458000597657	-0.08887381106615067
0.6483081041552972	0.4156387420685917	-0.08952530473470688
0.6484338955922397	0.4156387420685917	-0.0889509841799736
0.6477979404372701	0.41679282432764636	-0.08993177115917206
0.6478845986887374	0.41679282432764636	-0.08977937698364258
0.6480956598451846	0.41702302690591525	-0.08999928086996078
0.6483928763486938	0.4174169290953975	-0.09000328183174133
0.6485597632430441	0.41770632662236407	-0.09008695185184479
0.6485153001564515	0.4178641798188913	-0.09023568034172058
0.6482191883621437	0.4178641798188913	-0.09011787176132202
0.6486151814142437	0.4178641798188913	-0.09010851383209229
0.6480976273830793	0.4180243207429044	-0.09079355746507645
0.6486427052866816	0.4180243207429044	-0.09058329463005066
0.6475694993729288	0.41830056383682707	-0.09094420075416565
0.6481132185159791	0.41830056383682707	-0.09089928865432739
0.6473859301601865	0.4189165837898635	-0.0913502499461174
0.6465193924187127	0.41893259788226495	-0.09156592935323715
0.6470608659467016	0.41893259788226495	-0.09146440774202347
0.6464566074513297	0.41899398523646997	-0.09176041930913925
0.6467519653398415	0.4190944372706237	-0.09187845140695572
0.6463878370847911	0.41915582462482864	-0.09204810112714767
0.6459488147019014	0.4192347512230923	-0.09212798625230789
0.6460515496640088	0.4193882196086049	-0.09215119481086731
0.6463462611130811	0.4198230467008905	-0.09234826266765594
0.6464269353171688	0.4200072087635056	-0.09249226003885269
0.646640482193686	0.4200072087635056	-0.09238924831151962
0.6457887242409657	0.4208907481829567	-0.09269129484891891
0.6463250936132588	0.4208907481829567	-0.09261324256658554
0.6454854168410975	0.42117722250258016	-0.09277670085430145
0.6457791323201025	0.4212590723081869	-0.09294652193784714
0.6455379757736672	0.42143095689996096	-0.09323044121265411
0.6460723615152018	0.42143095689996096	-0.09312453120946884
0.6453350518267469	0.4219220557336012	-0.09332466870546341
0.6456279213132649	0.42235585970331674	-0.09353812038898468
0.6453235701833813	0.4224479407346243	-0.09383943676948547
0.645330962868051	0.4224479407346243	-0.09366612136363983
0.6444315943902598	0.4233857935509302	-0.09408476948738098
0.6449624276640573	0.4233857935509302	-0.09384506940841675
0.643566505485098	0.4234910290152817	-0.09438209980726242
0.6439731444949874	0.4234910290152817	-0.09425994753837585
0.643023328281677	0.42375192527065314	-0.09452618658542633
0.6435512620487391	0.42375192527065314	-0.09451667219400406
0.6415334727517288	0.42451576370157407	-0.09489770978689194
0.6420584592269757	0.42451576370157407	-0.09477562457323074
0.6425843056309289	0.42451576370157407	-0.0946313664317131
0.6431110140781674	0.42451576370157407	-0.09459169209003448
0.6411727427903303	0.4246162157357278	-0.09505711495876312
0.6410121482610684	0.42523096623998097	-0.09522455185651779
0.6407766003364432	0.42559110538465056	-0.0957702025771141
0.6409285017604163	0.42559110538465056	-0.09555063396692276
0.6410691275348663	0.42595942950988075	-0.09582807123661041
0.641361178692283	0.42648560683163816	-0.09589696675539017
0.6416527549697689	0.42722225508209855	-0.09607627987861633
0.6383508742683579	0.4272557390934831	-0.09764876961708069
0.6388268863025556	0.4272557390934831	-0.09732101857662201
0.6393441550364038	0.4272557390934831	-0.09710068255662918
0.6396886108230737	0.4272557390934831	-0.09698248654603958
0.6402074174822976	0.4272557390934831	-0.09635145217180252
0.6407270663601241	0.4272557390934831	-0.09620515257120132
0.6412475595090763	0.4272557390934831	-0.09618580341339111
0.6385276044645408	0.42785426579698216	-0.0978492870926857
0.6373197751762839	0.4280384278595973	-0.099325031042099
0.63783374273691	0.4280384278595973	-0.09907159209251404
0.6383485399465443	0.4280384278595973	-0.09859500080347061
0.6374653967890097	0.4285413319536616	-0.09965703636407852
0.6370335532293215	0.42872549401627674	-0.1008409857749939
0.6373423952379191	0.42872549401627674	-0.10037116706371307
0.637586775512762	0.42872549401627674	-0.1002962663769722
0.6377570577730893	0.42872549401627674	-0.09972202032804489
0.637324624958889	0.4290412004093312	-0.10091650485992432
0.6372591048712261	0.43009051941445126	-0.10102477669715881
0.6368394903034321	0.43038517871463544	-0.10151183605194092
0.6373493697992715	0.43038517871463544	-0.10134314000606537
0.6368391099245834	0.43054632051942365	-0.101515032351017
0.6365016072124117	0.43063131839447677	-0.10152890533208847
0.6367917096807179	0.4310456830353608	-0.10165434330701828
0.6366122623092678	0.4312561539640637	-0.10179030895233154
0.6361956822737436	0.43141926893380855	-0.10190878808498383
0.6367026111042405	0.43141926893380855	-0.10184618830680847
0.6362979179142203	0.4318484489209996	-0.10237493366003036
0.6345768927483465	0.4322167730462298	-0.10330755263566971
0.6350797270532184	0.4322167730462298	-0.1032266616821289
0.6355833588748308	0.4322167730462298	-0.10322317481040955
0.6357784997292132	0.4322167730462298	-0.1031307801604271
0.6362834866233588	0.4322167730462298	-0.10295450687408447
0.6365870292672297	0.4322167730462298	-0.10271380841732025
0.6365870292672297	0.4322167730462298	-0.10246406495571136
0.6347671009028177	0.43230885407753733	-0.10334251075983047
0.6345541986897011	0.43250529361099344	-0.10422247648239136
0.6350558225621831	0.43250529361099344	-0.10340051352977753
0.6338913146448999	0.4326434151579548	-0.10440722107887268
0.6343916234962376	0.4326434151579548	-0.104289211332798
0.6338812555929362	0.4331866932426693	-0.10509883612394333
0.6336804621808921	0.4331866932426693	-0.10473322123289108
0.6341798163670079	0.4331866932426693	-0.10445171594619751
0.633446770578179	0.43330946795107933	-0.10601735860109329
0.6332415152195561	0.43330946795107933	-0.10563845932483673
0.6337323272822848	0.43330946795107933	-0.10546747595071793
0.6334929360069865	0.43377601184303766	-0.10637694597244263
0.6334929360069865	0.43377601184303766	-0.10619930922985077
0.6332665137089349	0.43385786164864437	-0.10664306581020355
0.6331098443122047	0.43385786164864437	-0.10658898204565048
0.6336060119017911	0.43385786164864437	-0.1064346432685852
0.6328037642965484	0.43426868471140107	-0.10687443614006042
0.6326471005707385	0.43426868471140107	-0.10685264319181442
0.6331417425571112	0.43426868471140107	-0.10670657455921173
0.6325967436195468	0.4347730054367163	-0.10746025294065475
0.6330901888173779	0.4347730054367163	-0.10728158801794052
0.6317802862759214	0.4350255705511599	-0.10777858644723892
0.6317802862759214	0.4350255705511599	-0.10777448117733002
0.6320012623065202	0.4350255705511599	-0.10756667703390121
0.6324934751276312	0.4350255705511599	-0.10755333304405212
0.6316828262293583	0.4351863469550302	-0.1077924519777298
0.6313433554360471	0.4359660460772708	-0.10807199031114578
0.6314354086901697	0.43619835508436045	-0.10836654156446457
0.6317211176756812	0.4364439045011806	-0.10857624560594559
0.6315443994341031	0.4364807369137036	-0.10946353524923325
0.631259217080724	0.4364807369137036	-0.10910408943891525
0.6317481862651397	0.4364807369137036	-0.10904400050640106
0.6318291410110475	0.4366481569706264	-0.10978855937719345
0.6314327997440551	0.43692440006454913	-0.11003972589969635
0.6319203926396103	0.43692440006454913	-0.109886534512043
0.630383551883823	0.4373979596541308	-0.11096786707639694
0.6308413419270636	0.4373979596541308	-0.11046719551086426
0.6312302838738794	0.4373979596541308	-0.1104583740234375
0.6317169687496496	0.4373979596541308	-0.11008806526660919
0.630494146969072	0.43767420274805346	-0.11109110713005066
0.6303382367566476	0.43767420274805346	-0.11096824705600739
0.6296393020477584	0.4376972230058804	-0.11212541162967682
0.6295088574092038	0.4376972230058804	-0.11205089092254639
0.6298144050158245	0.4376972230058804	-0.11189968138933182
0.6302228346038564	0.4376972230058804	-0.11133618652820587
0.6305378966644143	0.4376972230058804	-0.11128191649913788
0.6299224524284559	0.43797346609980303	-0.11216562241315842
0.6302051701882508	0.43817809061381985	-0.11228561401367188
0.6286282805011721	0.43849184820197884	-0.11328557878732681
0.6291066886294074	0.43849184820197884	-0.11322605609893799
0.6295858254828951	0.43849184820197884	-0.1132119745016098
0.6298898015459391	0.43849184820197884	-0.11307674646377563
0.630370266688232	0.43849184820197884	-0.11296240240335464
0.630374366128452	0.43849184820197884	-0.11277862638235092
0.6287585021725238	0.4385164031436609	-0.11353354156017303
0.6290403863774041	0.43866806601875563	-0.11366218328475952
0.6292375400211913	0.43912280465028986	-0.11420530825853348
0.6295186336223882	0.43949112877552005	-0.11428794264793396
0.6290702077324729	0.4395437465076958	-0.11456449329853058
0.6295467760716642	0.4395437465076958	-0.11431991308927536
0.6287861658017938	0.43986873838289886	-0.11503876000642776
0.6292617983024003	0.43986873838289886	-0.11457142233848572
0.6290665387883483	0.44023706250812905	-0.11525702476501465
0.6284409266850262	0.4404014929211783	-0.11618315428495407
0.6289152217240337	0.4404014929211783	-0.11528073996305466
0.6280771674007185	0.44062815392132004	-0.11674588173627853
0.6285504734801463	0.44062815392132004	-0.11653982847929001
0.627918092531844	0.44099647804655023	-0.1168072298169136
0.6278219135149028	0.441185662710873	-0.11745954304933548
0.6276215297414965	0.4416332565934898	-0.11776784062385559
0.6279010931576064	0.4419011286845663	-0.11823190748691559
0.6280301996143525	0.4419457740330791	-0.11832964420318604
0.628309037545676	0.4421913234498992	-0.11845244467258453
0.6279922076491505	0.44245750727149413	-0.11904072761535645
0.6284626137972024	0.44245750727149413	-0.11850332468748093
0.6274271968753851	0.44308015043557386	-0.11966820806264877
0.6278964767533771	0.44308015043557386	-0.11955640465021133
0.627310065462703	0.44391706469790254	-0.11967328935861588
0.626971049705115	0.4440398394063126	-0.12015507370233536
0.6274389385481784	0.4440398394063126	-0.119705431163311
0.6267819640019056	0.44426083388145066	-0.1206587478518486
0.6272490146457221	0.44426083388145066	-0.1202700287103653
0.6265445461028657	0.4444713048101537	-0.12077170610427856
0.6248823915142533	0.4446662999352755	-0.12146095931529999
0.6253459541192341	0.4446662999352755	-0.12115578353404999
0.6256687972993701	0.4446662999352755	-0.12099532037973404
0.626133632958582	0.4446662999352755	-0.12096671760082245
0.6265248103808562	0.4446662999352755	-0.12082166224718094
0.6246358348034007	0.4448351151593393	-0.12160889059305191
0.6250985280143662	0.4448351151593393	-0.12152710556983948
0.6242055251200085	0.44506275993118294	-0.12192635238170624
0.6239670785394226	0.44509345360828556	-0.12197664380073547
0.6226167893471592	0.4451753034138922	-0.12372300773859024
0.6230762851326553	0.4451753034138922	-0.12367690354585648
0.6235062461328204	0.4451753034138922	-0.12251358479261398
0.6215959683032224	0.4452290173488216	-0.12459519505500793
0.622053360480046	0.4452290173488216	-0.12423491477966309
0.6225114262830505	0.4452290173488216	-0.1239599660038948
0.6225264306225115	0.4452290173488216	-0.1237904280424118
0.6214696623581268	0.4452677883093722	-0.12605716288089752
0.621534325842371	0.4452677883093722	-0.12582020461559296
0.6219680740766391	0.4452677883093722	-0.1254701018333435
0.6218740021251892	0.4452677883093722	-0.12518543004989624
0.6212918151218778	0.4456361124346024	-0.1263822615146637
0.6217469739607949	0.4456361124346024	-0.12627434730529785
0.6182056897901964	0.4457230778530595	-0.12831664085388184
0.6186549671810323	0.4457230778530595	-0.12829433381557465
0.618388814150171	0.4457230778530595	-0.12815919518470764
0.618402197566583	0.4457230778530595	-0.12781599164009094
0.618852599749807	0.4457230778530595	-0.1276596337556839
0.6193036584959803	0.4457230778530595	-0.12765923142433167
0.6197553752417834	0.4457230778530595	-0.12758788466453552
0.6202077514280913	0.4457230778530595	-0.12719586491584778
0.6206607884999891	0.4457230778530595	-0.1268179565668106
0.6211144879067874	0.4457230778530595	-0.1267525851726532
0.6215688511020373	0.4457230778530595	-0.12651655077934265
0.6183920427003632	0.4461484045214801	-0.12865526974201202
0.6180817338880178	0.4463448440549362	-0.12874777615070343
0.6178150079938961	0.44646761876334623	-0.12929248809814453
0.6175486683791286	0.4465412835883923	-0.12934643030166626
0.6173220651537371	0.4465696162134099	-0.12978890538215637
0.6175513441025475	0.4465696162134099	-0.12976697087287903
0.6179777891975041	0.4465696162134099	-0.12970244884490967
0.6178254059562783	0.4465696162134099	-0.1296359747648239
0.6173276047892683	0.44687655298443507	-0.1299450844526291
0.615483703405091	0.4469415513594757	-0.13399766385555267
0.6155878698091967	0.4469415513594757	-0.13209693133831024
0.615551122473328	0.4469415513594757	-0.13191747665405273
0.6159942838286003	0.4469415513594757	-0.1315031349658966
0.6164380837449034	0.4469415513594757	-0.13124284148216248
0.6168825236034073	0.4469415513594757	-0.13017162680625916
0.6142932056875979	0.44698619670798845	-0.13579639792442322
0.6147335592400621	0.44698619670798845	-0.13531345129013062
0.6151745445766762	0.44698619670798845	-0.135250061750412
0.6151745445766762	0.44698619670798845	-0.1349118947982788
0.6156161630580665	0.44698619670798845	-0.1341429352760315
0.6135950935494443	0.4470230291205114	-0.13785500824451447
0.613909601453644	0.4470230291205114	-0.13737627863883972
0.6143490499872544	0.4470230291205114	-0.13633869588375092
0.6131084870957367	0.44734458192825205	-0.1382463127374649
0.6135464217293766	0.44734458192825205	-0.13804152607917786
0.6127730724422141	0.44744981739260353	-0.13824914395809174
0.6124381359278984	0.4476155632489571	-0.13827039301395416
0.612032890572209	0.4479838873741874	-0.14028562605381012
0.6123944840373154	0.4479838873741874	-0.1388874351978302
0.6127829024126682	0.4479838873741874	-0.13863161206245422
0.6125445936387081	0.4479838873741874	-0.1382947415113449
0.6118738658872236	0.44816804943680244	-0.14123935997486115
0.6118738658872236	0.44816804943680244	-0.14042259752750397
0.6123084353942457	0.44816804943680244	-0.14040230214595795
0.6115381127109127	0.4482742134493688	-0.141872838139534
0.6119718276844667	0.4482742134493688	-0.141710102558136
0.6112759605845912	0.44839698815777884	-0.14205266535282135
0.6111466580141643	0.4484890691890864	-0.14215628802776337
0.6110916273743618	0.44865648924600915	-0.1429385244846344
0.6107844746965251	0.44872345726877827	-0.14324042201042175
0.6104516808013994	0.44888131046530555	-0.14369982481002808
0.6108827907454681	0.44888131046530555	-0.14345546066761017
0.6087111237747578	0.4500146154660138	-0.14623653888702393
0.6088461761355933	0.4500146154660138	-0.14614880084991455
0.6092746393137324	0.4500146154660138	-0.14599409699440002
0.6097037059611363	0.4500146154660138	-0.14598245918750763
0.6097037059611363	0.4500146154660138	-0.14588327705860138
0.6101333773536389	0.4500146154660138	-0.14566834270954132
0.6105636547706725	0.4500146154660138	-0.14454369246959686
0.6083831081624423	0.45007961384105444	-0.14646579325199127
0.6088103434912081	0.45007961384105444	-0.14636747539043427
0.6071286416881597	0.45032774798857794	-0.14846904575824738
0.607415284856147	0.45032774798857794	-0.14846639335155487
0.607789978627786	0.45032774798857794	-0.1469789743423462
0.608216198809152	0.45032774798857794	-0.14646770060062408
0.6065421586110274	0.4508355888279105	-0.149567112326622
0.6069663139666994	0.4508355888279105	-0.1489676833152771
0.6059415357780429	0.4510811382447307	-0.14995689690113068
0.6063643840235264	0.4510811382447307	-0.1499524861574173
0.6066423386678633	0.4510811382447307	-0.14972276985645294
0.6042770054138261	0.45129160917343364	-0.15366949141025543
0.6042770054138261	0.45129160917343364	-0.1512540876865387
0.604696933840104	0.45129160917343364	-0.15100030601024628
0.605117446311481	0.45129160917343364	-0.1508362591266632
0.6055385440472579	0.45129160917343364	-0.15042847394943237
0.6059260920529711	0.45129160917343364	-0.1503010094165802
0.6059548169377794	0.45129160917343364	-0.15025298297405243
0.6030340820389416	0.4515218117517025	-0.15578904747962952
0.6034269627843187	0.4515218117517025	-0.15481752157211304
0.6036911379337033	0.4515218117517025	-0.15460316836833954
0.6038786260090157	0.4515218117517025	-0.15447568893432617
0.6042740373323453	0.4515218117517025	-0.15377077460289001
0.6017949470544254	0.4515868101267431	-0.15980610251426697
0.6016682808432271	0.4515868101267431	-0.1597968190908432
0.6020829385143802	0.4515868101267431	-0.1595468521118164
0.6024981681271487	0.4515868101267431	-0.15950824320316315
0.6029139708656769	0.4515868101267431	-0.1583886295557022
0.6033303479173796	0.4515868101267431	-0.15744885802268982
0.6030562154694995	0.4515868101267431	-0.15732312202453613
0.6031357182201041	0.4515868101267431	-0.15599368512630463
0.6005084989049475	0.45173413977683524	-0.16190233826637268
0.6009206529879296	0.45173413977683524	-0.1611173152923584
0.60133337321663	0.45173413977683524	-0.16080713272094727
0.6017466607583597	0.45173413977683524	-0.16072776913642883
0.6019312641472353	0.45173413977683524	-0.16006061434745789
0.5999116377013066	0.4519919666644964	-0.16486123204231262
0.6003225360832939	0.4519919666644964	-0.16484789550304413
0.6006843963403402	0.4519919666644964	-0.16346801817417145
0.5983286941863671	0.4520589346872655	-0.16731145977973938
0.5987368310855393	0.4520589346872655	-0.1663273721933365
0.5991455251681915	0.4520589346872655	-0.16618837416172028
0.5993511731204397	0.4520589346872655	-0.1661090850830078
0.5995785390851736	0.4520589346872655	-0.16591741144657135
0.5999886475250403	0.4520589346872655	-0.1650218367576599
0.5980534138208315	0.45226765169156263	-0.16737914085388184
0.5982238684031642	0.45226765169156263	-0.16734515130519867
0.5977690296944796	0.4524722762055794	-0.16827844083309174
0.5981756752929113	0.4524722762055794	-0.16786262392997742
0.5980422844297415	0.45278798259863384	-0.16994714736938477
0.5976645225662065	0.4529403676778958	-0.1726502776145935
0.5980699937484089	0.4529403676778958	-0.17209017276763916
0.5980322987195605	0.4529403676778958	-0.17046920955181122
0.5975607149252026	0.45312452974051093	-0.1727808713912964
0.5959785768741889	0.45314993140431986	-0.17794926464557648
0.5963801796887941	0.45314993140431986	-0.17764680087566376
0.5967823241120501	0.45314993140431986	-0.1762450933456421
0.5969279583516991	0.45314993140431986	-0.17573539912700653
0.5969258840494382	0.45314993140431986	-0.1751614212989807
0.5973292123494717	0.45314993140431986	-0.17479774355888367
0.5977330860562664	0.45314993140431986	-0.17422769963741302
0.5979119762813835	0.45314993140431986	-0.173090860247612
0.5978331856666209	0.45314993140431986	-0.17279042303562164
0.5951035831022291	0.45344459070450405	-0.18088006973266602
0.5953530440291084	0.45344459070450405	-0.1805446445941925
0.5957149876652121	0.45344459070450405	-0.18018747866153717
0.5961158725828872	0.45344459070450405	-0.17805767059326172
0.5951995765074127	0.4543658732279966	-0.18271848559379578
0.5953753256639054	0.4543658732279966	-0.18253104388713837
0.5946466964739948	0.45443339931762206	-0.18455003201961517
0.5949232058609042	0.45443339931762206	-0.1836518794298172
0.5953219479559853	0.45443339931762206	-0.18275953829288483
0.5941269456155862	0.45568812985412055	-0.18919634819030762
0.594523824002771	0.45568812985412055	-0.18781207501888275
0.594252783778174	0.45568812985412055	-0.18764446675777435
0.594650277279029	0.45568812985412055	-0.1850513517856598
0.5935004483805973	0.4557159378008972	-0.1983950436115265
0.5937478022954263	0.4557159378008972	-0.19611550867557526
0.59381030083029	0.4557159378008972	-0.19581405818462372
0.5941551221938037	0.4557159378008972	-0.19315512478351593
0.5941551221938037	0.4557159378008972	-0.19095322489738464
0.5933273498343251	0.4565385283472447	-0.19883908331394196
0.5913209515429403	0.4566306093785522	-0.20513974130153656
0.5917125548221078	0.4566306093785522	-0.20495079457759857
0.5919942287042519	0.4566306093785522	-0.20403631031513214
0.5921519392891574	0.4566306093785522	-0.20373044908046722
0.5925448735554409	0.4566306093785522	-0.2028714418411255
0.5928276612094175	0.4566306093785522	-0.20254065096378326
0.5932215666321481	0.4566306093785522	-0.20095111429691315
0.5934204389190983	0.4566306093785522	-0.19887663424015045
0.591287713630244	0.45684108030725523	-0.20555004477500916
0.591591241918904	0.45684108030725523	-0.2054874747991562
0.5911448551668159	0.457273024054116	-0.21252910792827606
0.5906350103642447	0.45749968505425764	-0.21939341723918915
0.590364980687704	0.45749968505425764	-0.21783608198165894
0.5907546605429435	0.45749968505425764	-0.21578307449817657
0.5898713301537305	0.45756282633286854	-0.23511449992656708
0.5902596588766756	0.45756282633286854	-0.23183387517929077
0.590648499231667	0.45756282633286854	-0.2267448604106903
0.5888855411357042	0.45780837574968863	-0.25875553488731384
0.5892722026860231	0.45780837574968863	-0.2576788067817688
0.5896593723329916	0.45780837574968863	-0.25764700770378113
0.5900470510787726	0.45780837574968863	-0.24182914197444916
0.5886995734600505	0.4581766998749188	-0.27307605743408203
0.5890654951790263	0.4581766998749188	-0.2713427245616913
0.5891551243874186	0.4581766998749188	-0.2603831887245178
0.5883862164812744	0.4582380872291239	-0.27832525968551636
0.587548649197023	0.45835209231550467	-0.33355236053466797
0.5879326679219884	0.45835209231550467	-0.30168870091438293
0.5883171889605247	0.45835209231550467	-0.28263726830482483
0.5875648936207711	0.45864675161568885	-0.3551269769668579
0.587817873316346	0.45864675161568885	-0.34636831283569336
0.5854929897031587	0.45881337443424536	-0.5239531397819519
0.5858734269934142	0.45881337443424536	-0.4669530391693115
0.586254359000562	0.45881337443424536	-0.4305550456047058
0.5865273503423538	0.45881337443424536	-0.4198239743709564
0.5869092040860663	0.45881337443424536	-0.4107385575771332
0.5872915553590865	0.45881337443424536	-0.40646493434906006
0.5873122437553078	0.45881337443424536	-0.3556242883205414
0.5850999378761272	0.4588870392592914	-0.6116752624511719
0.5852199767463453	0.4588870392592914	-0.5507912039756775
0.5855997431167193	0.4588870392592914	-0.5314151048660278
